user_id,timestamp,document_id,document_type
7ba76475-8c5f-47ad-a01e-3cff28094bd7,2024-05-10 16:29:44,105dbabf-1fb6-4738-af05-61e6ba4c783f,audio
d44ef86b-4b29-41a7-a0a1-52af726471d1,2024-05-10 17:43:35,819807c7-6903-436f-ab3d-9571c8bd08fb,multimedia
a92446e8-3093-4640-9a12-8c7a8be30705,2024-05-11 07:10:21,0c414102-78fe-4c84-8de7-6c8ae6e7f5bf,video
d44ef86b-4b29-41a7-a0a1-52af726471d1,2024-05-11 08:28:31,f2501ce3-a3aa-4413-9ecf-0ee53d1657b1,text_literary
7a88835e-9cda-4177-acd1-8c532b0b1417,2024-05-11 09:35:10,6a937654-5612-4abd-8f33-b3864ebfdbe6,text_simple_english
7ba76475-8c5f-47ad-a01e-3cff28094bd7,2024-05-11 11:59:27,23004745-eea8-496a-93e1-5ca6a88e3552,image
a92446e8-3093-4640-9a12-8c7a8be30705,2024-05-11 12:20:38,de37ab03-d027-4918-abd5-a60b78b4930e,text_simple_english
7ba76475-8c5f-47ad-a01e-3cff28094bd7,2024-05-12 00:06:05,135a3bd5-0a11-4544-bad2-a1361d9910f6,image
d44ef86b-4b29-41a7-a0a1-52af726471d1,2024-05-12 02:15:09,1b8e5731-1322-4b57-83c5-0adb64204cd9,multimedia
a92446e8-3093-4640-9a12-8c7a8be30705,2024-05-12 06:53:47,a6b40a08-9fc1-4820-8e85-54837418f646,text_simple_english
a92446e8-3093-4640-9a12-8c7a8be30705,2024-05-12 09:45:53,9bbca0f0-d601-464b-9802-be0aa10d284d,text_simple_english
a92446e8-3093-4640-9a12-8c7a8be30705,2024-05-12 11:31:00,819807c7-6903-436f-ab3d-9571c8bd08fb,text_simple_english
a92446e8-3093-4640-9a12-8c7a8be30705,2024-05-12 21:37:45,454891f2-311b-4994-957f-de967f80570a,text_simple_english
7a88835e-9cda-4177-acd1-8c532b0b1417,2024-05-13 03:30:49,5e458e0c-35b3-4073-bdfa-54810c12b191,text_simple_english
a92446e8-3093-4640-9a12-8c7a8be30705,2024-05-13 08:39:41,6a937654-5612-4abd-8f33-b3864ebfdbe6,video
f57cf586-13b6-4f56-92b8-145b5504e8eb,2024-05-13 10:20:58,7205a5a6-0133-494b-89ce-d03a2d9865e1,multimedia
7a88835e-9cda-4177-acd1-8c532b0b1417,2024-05-13 12:03:53,4bb2a826-6a4e-49da-a984-899037c49cb4,multimedia
f57cf586-13b6-4f56-92b8-145b5504e8eb,2024-05-13 13:06:46,1881bdfe-b9a9-47e5-8a4b-d5e7f4c66807,text_literary
a92446e8-3093-4640-9a12-8c7a8be30705,2024-05-13 18:24:43,f353e2d8-7375-4d01-a4a4-0fd8dc81ec92,image
7ba76475-8c5f-47ad-a01e-3cff28094bd7,2024-05-14 00:21:30,9c25f076-e557-4f70-a8bb-7fdbf769d3f6,text_simple_english
d44ef86b-4b29-41a7-a0a1-52af726471d1,2024-05-14 05:26:51,a6b40a08-9fc1-4820-8e85-54837418f646,text_simple_english
d44ef86b-4b29-41a7-a0a1-52af726471d1,2024-05-14 08:04:50,dc7c511e-c472-44dd-902c-923998d17dc2,image
d44ef86b-4b29-41a7-a0a1-52af726471d1,2024-05-14 09:59:22,d10e7ea1-a139-486f-baa3-791b78785780,text_simple_english
7ba76475-8c5f-47ad-a01e-3cff28094bd7,2024-05-14 11:24:18,9c25f076-e557-4f70-a8bb-7fdbf769d3f6,text_simple_english
a92446e8-3093-4640-9a12-8c7a8be30705,2024-05-14 18:38:33,c06c3b3e-8488-498c-a991-57223b1ce6a3,text_simple_english
7a88835e-9cda-4177-acd1-8c532b0b1417,2024-05-14 21:17:02,0c414102-78fe-4c84-8de7-6c8ae6e7f5bf,text_simple_english
d44ef86b-4b29-41a7-a0a1-52af726471d1,2024-05-14 23:49:47,fa027bb1-ac29-478c-86da-0eb88ed255e6,multimedia
7a88835e-9cda-4177-acd1-8c532b0b1417,2024-05-15 06:32:04,0c414102-78fe-4c84-8de7-6c8ae6e7f5bf,text_simple_english
7ba76475-8c5f-47ad-a01e-3cff28094bd7,2024-05-16 01:14:17,24c8b96b-09a6-4373-8a51-324c7a1cc229,text_simple_english
d44ef86b-4b29-41a7-a0a1-52af726471d1,2024-05-16 06:12:05,d845b7cc-447f-4c6c-8470-8c04cb63216c,image
7a88835e-9cda-4177-acd1-8c532b0b1417,2024-05-16 09:09:45,484fe420-fb64-47f2-ba12-0ee190241c92,image
f57cf586-13b6-4f56-92b8-145b5504e8eb,2024-05-16 14:31:30,98866c52-7be4-4903-b757-0c5c021935de,video
f57cf586-13b6-4f56-92b8-145b5504e8eb,2024-05-16 18:53:39,8452d331-6565-4857-b546-6f13e03f5f75,audio
7a88835e-9cda-4177-acd1-8c532b0b1417,2024-05-17 04:57:46,b65b57c3-2d26-4188-bb23-1d18be343ef0,text_literary
a92446e8-3093-4640-9a12-8c7a8be30705,2024-05-17 11:20:53,de207243-de21-4054-9ee8-043e0268c180,image
f57cf586-13b6-4f56-92b8-145b5504e8eb,2024-05-17 13:52:33,c0173762-e453-4f72-bc5a-11fdcd6742d3,audio
d44ef86b-4b29-41a7-a0a1-52af726471d1,2024-05-17 14:00:40,a6a304e3-8300-48b9-a5a3-fee3a3d34e11,image
a92446e8-3093-4640-9a12-8c7a8be30705,2024-05-17 15:06:07,20c8de6d-0075-4cdb-8632-c97fbbbfdd45,text_simple_english
d44ef86b-4b29-41a7-a0a1-52af726471d1,2024-05-17 18:17:00,4bb2a826-6a4e-49da-a984-899037c49cb4,image
7a88835e-9cda-4177-acd1-8c532b0b1417,2024-05-17 18:36:44,bf8d30d3-5735-4499-b6ce-078543280ebb,text_simple_english
7a88835e-9cda-4177-acd1-8c532b0b1417,2024-05-18 02:12:27,d44fd35f-b73c-43e1-b951-1f6e006af337,text_simple_english
d44ef86b-4b29-41a7-a0a1-52af726471d1,2024-05-18 14:49:37,313aa0cf-3d54-4dc0-83d9-045cc2729143,multimedia
d44ef86b-4b29-41a7-a0a1-52af726471d1,2024-05-19 02:03:26,4bb2a826-6a4e-49da-a984-899037c49cb4,multimedia
d44ef86b-4b29-41a7-a0a1-52af726471d1,2024-05-19 11:10:43,1881bdfe-b9a9-47e5-8a4b-d5e7f4c66807,text_technical
d44ef86b-4b29-41a7-a0a1-52af726471d1,2024-05-19 16:34:14,49c2676f-5589-486f-aaf7-25bf17c25ab4,image
7a88835e-9cda-4177-acd1-8c532b0b1417,2024-05-20 00:08:46,7205a5a6-0133-494b-89ce-d03a2d9865e1,image
f57cf586-13b6-4f56-92b8-145b5504e8eb,2024-05-20 00:50:38,92b24b75-4846-4e7b-b5bb-136574110fb2,text_technical
7a88835e-9cda-4177-acd1-8c532b0b1417,2024-05-20 04:58:56,c0173762-e453-4f72-bc5a-11fdcd6742d3,multimedia
7ba76475-8c5f-47ad-a01e-3cff28094bd7,2024-05-20 07:46:55,1c8b62e3-4cfc-42e7-9a2f-d2b351410639,text_technical
a92446e8-3093-4640-9a12-8c7a8be30705,2024-05-20 08:30:36,c079aaa3-ee94-4ef0-bdfd-998f2a1fe30b,image
a92446e8-3093-4640-9a12-8c7a8be30705,2024-05-20 08:52:35,8452d331-6565-4857-b546-6f13e03f5f75,text_simple_english
d44ef86b-4b29-41a7-a0a1-52af726471d1,2024-05-20 19:32:17,dc7c511e-c472-44dd-902c-923998d17dc2,text_technical
d44ef86b-4b29-41a7-a0a1-52af726471d1,2024-05-20 20:31:22,d6c9ee24-e09d-4630-b8ab-7d7904ad8f38,text_simple_english
f57cf586-13b6-4f56-92b8-145b5504e8eb,2024-05-20 20:57:50,135a3bd5-0a11-4544-bad2-a1361d9910f6,text_simple_english
7ba76475-8c5f-47ad-a01e-3cff28094bd7,2024-05-21 01:42:08,62aa60b8-ad2f-45d3-902f-96609dfe401e,image
d44ef86b-4b29-41a7-a0a1-52af726471d1,2024-05-21 06:38:20,b8524c33-dc33-4191-9c1a-a5c1cadf0d8a,text_technical
a92446e8-3093-4640-9a12-8c7a8be30705,2024-05-21 08:03:15,90648110-4701-4fb4-b26e-686319216179,text_simple_english
d44ef86b-4b29-41a7-a0a1-52af726471d1,2024-05-21 10:23:11,7205a5a6-0133-494b-89ce-d03a2d9865e1,multimedia
7ba76475-8c5f-47ad-a01e-3cff28094bd7,2024-05-21 11:34:04,253ae91a-bf49-47f1-8fda-9dcc3e6ac09c,text_simple_english
d44ef86b-4b29-41a7-a0a1-52af726471d1,2024-05-21 12:37:42,5e458e0c-35b3-4073-bdfa-54810c12b191,image
f57cf586-13b6-4f56-92b8-145b5504e8eb,2024-05-21 13:14:03,9c1c373c-a653-456a-9b58-dd3013af8945,text_simple_english
7a88835e-9cda-4177-acd1-8c532b0b1417,2024-05-21 14:20:22,1e0df149-8ed9-44e4-b882-c3f15689d99f,text_simple_english
d44ef86b-4b29-41a7-a0a1-52af726471d1,2024-05-21 20:47:25,539d1d0b-db87-4703-b23e-61b21a27d640,image
a92446e8-3093-4640-9a12-8c7a8be30705,2024-05-21 21:52:48,9f60136c-1492-4253-822a-90bc3f7f34f3,video
d44ef86b-4b29-41a7-a0a1-52af726471d1,2024-05-22 00:47:17,ec88cde0-ea5c-4dd6-96b8-b61ac3ca1842,image
d44ef86b-4b29-41a7-a0a1-52af726471d1,2024-05-22 01:18:17,93414baf-5e2c-49cd-a227-9c1e44086d74,text_simple_english
7a88835e-9cda-4177-acd1-8c532b0b1417,2024-05-22 02:19:19,be91e581-379b-4c0a-84b4-7c72cf0f89eb,text_simple_english
a92446e8-3093-4640-9a12-8c7a8be30705,2024-05-22 06:20:07,a003f6c2-8ef5-471b-9807-3e60bd4e6453,image
a92446e8-3093-4640-9a12-8c7a8be30705,2024-05-22 10:11:19,20c8de6d-0075-4cdb-8632-c97fbbbfdd45,video
a92446e8-3093-4640-9a12-8c7a8be30705,2024-05-22 19:58:10,4bb2a826-6a4e-49da-a984-899037c49cb4,audio
f57cf586-13b6-4f56-92b8-145b5504e8eb,2024-05-23 00:25:38,ca80f9c2-c8b4-471d-abd4-2088bc345e63,image
f57cf586-13b6-4f56-92b8-145b5504e8eb,2024-05-23 01:04:12,d845b7cc-447f-4c6c-8470-8c04cb63216c,multimedia
f57cf586-13b6-4f56-92b8-145b5504e8eb,2024-05-23 07:38:19,d845b7cc-447f-4c6c-8470-8c04cb63216c,text_technical
f57cf586-13b6-4f56-92b8-145b5504e8eb,2024-05-23 15:22:58,366c5cd1-0864-4dda-ace9-bbcd04e6ef82,image
d44ef86b-4b29-41a7-a0a1-52af726471d1,2024-05-23 17:09:58,b6327c62-d1ac-4b42-902d-2ba58c7b0534,text_literary
7a88835e-9cda-4177-acd1-8c532b0b1417,2024-05-23 21:30:51,539d1d0b-db87-4703-b23e-61b21a27d640,multimedia
7a88835e-9cda-4177-acd1-8c532b0b1417,2024-05-23 23:31:11,ac0ee7c5-fb97-4c40-9d04-1374fdd8de83,text_simple_english
7ba76475-8c5f-47ad-a01e-3cff28094bd7,2024-05-24 07:06:29,fd99509e-3971-49b9-91e3-4f0ec9ef0543,text_simple_english
7a88835e-9cda-4177-acd1-8c532b0b1417,2024-05-24 16:42:06,6a937654-5612-4abd-8f33-b3864ebfdbe6,text_technical
d44ef86b-4b29-41a7-a0a1-52af726471d1,2024-05-24 23:51:38,9bbca0f0-d601-464b-9802-be0aa10d284d,image
a92446e8-3093-4640-9a12-8c7a8be30705,2024-05-25 11:49:26,75697f59-189e-4d03-8a5f-ab6d486c4a55,text_simple_english
d44ef86b-4b29-41a7-a0a1-52af726471d1,2024-05-25 14:53:06,df5ec830-9f55-4330-a61e-fe5851534ad0,image
a92446e8-3093-4640-9a12-8c7a8be30705,2024-05-25 18:38:38,89be5c3b-1e95-4b94-8590-016aeb186ea7,multimedia
f57cf586-13b6-4f56-92b8-145b5504e8eb,2024-05-25 22:27:59,0e0c2a8a-c0e1-42c5-b603-d2973496a2fe,text_simple_english
7a88835e-9cda-4177-acd1-8c532b0b1417,2024-05-26 01:48:44,c079aaa3-ee94-4ef0-bdfd-998f2a1fe30b,image
7a88835e-9cda-4177-acd1-8c532b0b1417,2024-05-26 07:09:59,7279337e-d37f-4fa3-8a49-998969552403,image
d44ef86b-4b29-41a7-a0a1-52af726471d1,2024-05-26 07:48:55,b6327c62-d1ac-4b42-902d-2ba58c7b0534,image
7a88835e-9cda-4177-acd1-8c532b0b1417,2024-05-26 09:01:44,313aa0cf-3d54-4dc0-83d9-045cc2729143,audio
f57cf586-13b6-4f56-92b8-145b5504e8eb,2024-05-26 11:30:37,fa027bb1-ac29-478c-86da-0eb88ed255e6,text_technical
7ba76475-8c5f-47ad-a01e-3cff28094bd7,2024-05-26 13:26:27,07b09f06-154d-463b-880d-fb8d2c694151,image
7a88835e-9cda-4177-acd1-8c532b0b1417,2024-05-26 17:01:57,90648110-4701-4fb4-b26e-686319216179,text_simple_english
d44ef86b-4b29-41a7-a0a1-52af726471d1,2024-05-26 19:28:26,b8524c33-dc33-4191-9c1a-a5c1cadf0d8a,image
7ba76475-8c5f-47ad-a01e-3cff28094bd7,2024-05-27 16:14:14,1b8e5731-1322-4b57-83c5-0adb64204cd9,image
7a88835e-9cda-4177-acd1-8c532b0b1417,2024-05-28 01:21:33,8452d331-6565-4857-b546-6f13e03f5f75,text_simple_english
7a88835e-9cda-4177-acd1-8c532b0b1417,2024-05-28 01:33:25,1e0df149-8ed9-44e4-b882-c3f15689d99f,multimedia
7ba76475-8c5f-47ad-a01e-3cff28094bd7,2024-05-28 03:50:37,70a87b6f-b260-4624-a166-1cd71c34379f,text_technical
d44ef86b-4b29-41a7-a0a1-52af726471d1,2024-05-28 11:04:41,70a87b6f-b260-4624-a166-1cd71c34379f,text_literary
7ba76475-8c5f-47ad-a01e-3cff28094bd7,2024-05-28 11:17:15,0c414102-78fe-4c84-8de7-6c8ae6e7f5bf,multimedia
7ba76475-8c5f-47ad-a01e-3cff28094bd7,2024-05-28 13:41:08,bea6970b-7eb6-40c0-b1cb-e11e5582e7c6,text_simple_english
7a88835e-9cda-4177-acd1-8c532b0b1417,2024-05-28 16:36:08,a003f6c2-8ef5-471b-9807-3e60bd4e6453,text_simple_english
7a88835e-9cda-4177-acd1-8c532b0b1417,2024-05-28 17:19:51,313aa0cf-3d54-4dc0-83d9-045cc2729143,text_simple_english
d44ef86b-4b29-41a7-a0a1-52af726471d1,2024-05-29 03:11:50,d10e7ea1-a139-486f-baa3-791b78785780,multimedia
a92446e8-3093-4640-9a12-8c7a8be30705,2024-05-29 04:05:32,1b8e5731-1322-4b57-83c5-0adb64204cd9,image
f57cf586-13b6-4f56-92b8-145b5504e8eb,2024-05-29 06:42:02,de37ab03-d027-4918-abd5-a60b78b4930e,image
7a88835e-9cda-4177-acd1-8c532b0b1417,2024-05-29 07:28:08,4e1d9a74-9ce9-4998-8053-7a370d2a9e94,text_simple_english
a92446e8-3093-4640-9a12-8c7a8be30705,2024-05-29 18:50:01,454891f2-311b-4994-957f-de967f80570a,multimedia
f57cf586-13b6-4f56-92b8-145b5504e8eb,2024-05-29 21:24:56,a6b40a08-9fc1-4820-8e85-54837418f646,image
d44ef86b-4b29-41a7-a0a1-52af726471d1,2024-05-30 01:31:06,a6a304e3-8300-48b9-a5a3-fee3a3d34e11,multimedia
7ba76475-8c5f-47ad-a01e-3cff28094bd7,2024-05-30 02:21:31,91c44e52-8071-4b82-b98d-75faf6a49c75,text_simple_english
d44ef86b-4b29-41a7-a0a1-52af726471d1,2024-05-30 08:57:28,510edb1b-07cc-4e65-b324-d1d2b810feb8,image
7ba76475-8c5f-47ad-a01e-3cff28094bd7,2024-05-30 11:17:24,fa027bb1-ac29-478c-86da-0eb88ed255e6,text_literary
f57cf586-13b6-4f56-92b8-145b5504e8eb,2024-05-30 14:19:04,92b24b75-4846-4e7b-b5bb-136574110fb2,text_technical
d44ef86b-4b29-41a7-a0a1-52af726471d1,2024-05-30 16:17:55,d6c9ee24-e09d-4630-b8ab-7d7904ad8f38,multimedia
d44ef86b-4b29-41a7-a0a1-52af726471d1,2024-05-30 21:59:13,b8524c33-dc33-4191-9c1a-a5c1cadf0d8a,image
f57cf586-13b6-4f56-92b8-145b5504e8eb,2024-05-31 00:26:47,df5ec830-9f55-4330-a61e-fe5851534ad0,multimedia
7ba76475-8c5f-47ad-a01e-3cff28094bd7,2024-05-31 01:10:52,366c5cd1-0864-4dda-ace9-bbcd04e6ef82,multimedia
a92446e8-3093-4640-9a12-8c7a8be30705,2024-05-31 18:35:21,d10e7ea1-a139-486f-baa3-791b78785780,image
7a88835e-9cda-4177-acd1-8c532b0b1417,2024-05-31 19:33:43,bf8d30d3-5735-4499-b6ce-078543280ebb,image
a92446e8-3093-4640-9a12-8c7a8be30705,2024-06-01 02:04:51,75697f59-189e-4d03-8a5f-ab6d486c4a55,text_literary
d44ef86b-4b29-41a7-a0a1-52af726471d1,2024-06-01 06:59:35,253ae91a-bf49-47f1-8fda-9dcc3e6ac09c,text_simple_english
7a88835e-9cda-4177-acd1-8c532b0b1417,2024-06-01 08:46:41,5e458e0c-35b3-4073-bdfa-54810c12b191,image
f57cf586-13b6-4f56-92b8-145b5504e8eb,2024-06-01 10:17:21,6a937654-5612-4abd-8f33-b3864ebfdbe6,text_simple_english
f57cf586-13b6-4f56-92b8-145b5504e8eb,2024-06-01 10:45:02,75697f59-189e-4d03-8a5f-ab6d486c4a55,text_simple_english
7ba76475-8c5f-47ad-a01e-3cff28094bd7,2024-06-02 08:16:03,89be5c3b-1e95-4b94-8590-016aeb186ea7,multimedia
7ba76475-8c5f-47ad-a01e-3cff28094bd7,2024-06-02 10:35:43,20c8de6d-0075-4cdb-8632-c97fbbbfdd45,text_simple_english
d44ef86b-4b29-41a7-a0a1-52af726471d1,2024-06-02 11:12:44,fcd9b849-696e-4e9c-b527-6997c3bbee24,multimedia
7a88835e-9cda-4177-acd1-8c532b0b1417,2024-06-02 12:12:30,d10e7ea1-a139-486f-baa3-791b78785780,text_simple_english
a92446e8-3093-4640-9a12-8c7a8be30705,2024-06-02 19:02:37,1881bdfe-b9a9-47e5-8a4b-d5e7f4c66807,multimedia
7a88835e-9cda-4177-acd1-8c532b0b1417,2024-06-03 05:12:55,9f60136c-1492-4253-822a-90bc3f7f34f3,text_simple_english
d44ef86b-4b29-41a7-a0a1-52af726471d1,2024-06-03 07:11:42,1881bdfe-b9a9-47e5-8a4b-d5e7f4c66807,image
7a88835e-9cda-4177-acd1-8c532b0b1417,2024-06-03 09:26:06,91c44e52-8071-4b82-b98d-75faf6a49c75,video
a92446e8-3093-4640-9a12-8c7a8be30705,2024-06-03 09:26:54,70a87b6f-b260-4624-a166-1cd71c34379f,audio
a92446e8-3093-4640-9a12-8c7a8be30705,2024-06-03 14:37:35,6a937654-5612-4abd-8f33-b3864ebfdbe6,image
a92446e8-3093-4640-9a12-8c7a8be30705,2024-06-03 22:43:17,484fe420-fb64-47f2-ba12-0ee190241c92,audio
a92446e8-3093-4640-9a12-8c7a8be30705,2024-06-04 05:45:10,be91e581-379b-4c0a-84b4-7c72cf0f89eb,text_simple_english
7ba76475-8c5f-47ad-a01e-3cff28094bd7,2024-06-04 05:55:01,15a89281-3765-46e0-a159-9210f2e3b311,text_technical
d44ef86b-4b29-41a7-a0a1-52af726471d1,2024-06-04 08:05:51,366c5cd1-0864-4dda-ace9-bbcd04e6ef82,image
7ba76475-8c5f-47ad-a01e-3cff28094bd7,2024-06-04 08:48:01,70a87b6f-b260-4624-a166-1cd71c34379f,image
7ba76475-8c5f-47ad-a01e-3cff28094bd7,2024-06-04 12:47:00,911adedf-a58c-4f3d-8163-48de3bc832bb,multimedia
f57cf586-13b6-4f56-92b8-145b5504e8eb,2024-06-04 14:01:04,fa027bb1-ac29-478c-86da-0eb88ed255e6,text_simple_english
d44ef86b-4b29-41a7-a0a1-52af726471d1,2024-06-04 18:07:57,7b63fcfc-b69d-4113-8eda-3f4f2592e26d,image
7a88835e-9cda-4177-acd1-8c532b0b1417,2024-06-05 08:35:34,1e0df149-8ed9-44e4-b882-c3f15689d99f,text_simple_english
d44ef86b-4b29-41a7-a0a1-52af726471d1,2024-06-05 09:11:31,0e0c2a8a-c0e1-42c5-b603-d2973496a2fe,multimedia
f57cf586-13b6-4f56-92b8-145b5504e8eb,2024-06-05 14:32:55,df5ec830-9f55-4330-a61e-fe5851534ad0,text_simple_english
f57cf586-13b6-4f56-92b8-145b5504e8eb,2024-06-05 14:44:19,819807c7-6903-436f-ab3d-9571c8bd08fb,text_simple_english
d44ef86b-4b29-41a7-a0a1-52af726471d1,2024-06-05 15:54:16,d6c9ee24-e09d-4630-b8ab-7d7904ad8f38,text_technical
7ba76475-8c5f-47ad-a01e-3cff28094bd7,2024-06-05 16:06:37,feadf47d-694c-416b-ba59-4a3e79c0b028,text_simple_english
d44ef86b-4b29-41a7-a0a1-52af726471d1,2024-06-05 18:15:48,5a099806-40de-46d1-aea4-8bea0cd250eb,multimedia
7a88835e-9cda-4177-acd1-8c532b0b1417,2024-06-06 00:41:01,ac0ee7c5-fb97-4c40-9d04-1374fdd8de83,image
f57cf586-13b6-4f56-92b8-145b5504e8eb,2024-06-06 02:24:16,510edb1b-07cc-4e65-b324-d1d2b810feb8,text_literary
a92446e8-3093-4640-9a12-8c7a8be30705,2024-06-06 02:30:21,98866c52-7be4-4903-b757-0c5c021935de,image
f57cf586-13b6-4f56-92b8-145b5504e8eb,2024-06-06 04:06:58,de37ab03-d027-4918-abd5-a60b78b4930e,text_simple_english
a92446e8-3093-4640-9a12-8c7a8be30705,2024-06-06 12:36:54,6b54a19b-ac2f-4f63-b889-67a8089755e0,image
a92446e8-3093-4640-9a12-8c7a8be30705,2024-06-06 15:46:07,20c8de6d-0075-4cdb-8632-c97fbbbfdd45,image
f57cf586-13b6-4f56-92b8-145b5504e8eb,2024-06-06 16:19:28,b6327c62-d1ac-4b42-902d-2ba58c7b0534,text_simple_english
7a88835e-9cda-4177-acd1-8c532b0b1417,2024-06-06 21:03:08,de37ab03-d027-4918-abd5-a60b78b4930e,multimedia
7a88835e-9cda-4177-acd1-8c532b0b1417,2024-06-07 01:03:12,d6c9ee24-e09d-4630-b8ab-7d7904ad8f38,text_technical
f57cf586-13b6-4f56-92b8-145b5504e8eb,2024-06-07 01:28:34,8452d331-6565-4857-b546-6f13e03f5f75,text_simple_english
7a88835e-9cda-4177-acd1-8c532b0b1417,2024-06-07 04:09:42,6b54a19b-ac2f-4f63-b889-67a8089755e0,multimedia
f57cf586-13b6-4f56-92b8-145b5504e8eb,2024-06-07 05:28:00,7ab38759-d965-470c-9f40-75d3f70ffa4c,multimedia
a92446e8-3093-4640-9a12-8c7a8be30705,2024-06-08 00:25:47,24c8b96b-09a6-4373-8a51-324c7a1cc229,text_technical
7ba76475-8c5f-47ad-a01e-3cff28094bd7,2024-06-08 01:37:31,49c2676f-5589-486f-aaf7-25bf17c25ab4,image
f57cf586-13b6-4f56-92b8-145b5504e8eb,2024-06-08 05:59:33,313aa0cf-3d54-4dc0-83d9-045cc2729143,image
7ba76475-8c5f-47ad-a01e-3cff28094bd7,2024-06-08 07:59:09,91c44e52-8071-4b82-b98d-75faf6a49c75,text_simple_english
7ba76475-8c5f-47ad-a01e-3cff28094bd7,2024-06-08 21:15:56,7b63fcfc-b69d-4113-8eda-3f4f2592e26d,text_technical
d44ef86b-4b29-41a7-a0a1-52af726471d1,2024-06-08 21:57:23,fd99509e-3971-49b9-91e3-4f0ec9ef0543,multimedia
7a88835e-9cda-4177-acd1-8c532b0b1417,2024-06-08 23:58:49,a6a304e3-8300-48b9-a5a3-fee3a3d34e11,text_simple_english
d44ef86b-4b29-41a7-a0a1-52af726471d1,2024-06-09 00:47:53,86507205-cf8b-4ad1-9140-c688a10fc513,text_technical
d44ef86b-4b29-41a7-a0a1-52af726471d1,2024-06-09 07:15:42,41a78e61-e8be-464b-8c15-81abf8a704b9,image
a92446e8-3093-4640-9a12-8c7a8be30705,2024-06-09 12:14:26,70a87b6f-b260-4624-a166-1cd71c34379f,image
7ba76475-8c5f-47ad-a01e-3cff28094bd7,2024-06-09 14:46:14,9f60136c-1492-4253-822a-90bc3f7f34f3,text_technical
a92446e8-3093-4640-9a12-8c7a8be30705,2024-06-09 22:10:30,711c7bf5-3b8e-4463-88b4-f873149c4438,image
7ba76475-8c5f-47ad-a01e-3cff28094bd7,2024-06-10 07:58:02,ac0ee7c5-fb97-4c40-9d04-1374fdd8de83,text_simple_english
7a88835e-9cda-4177-acd1-8c532b0b1417,2024-06-10 11:09:22,98f45251-5e38-44b3-a03b-43b220f00ec9,multimedia
7a88835e-9cda-4177-acd1-8c532b0b1417,2024-06-10 16:52:45,df5ec830-9f55-4330-a61e-fe5851534ad0,text_simple_english
7ba76475-8c5f-47ad-a01e-3cff28094bd7,2024-06-10 21:02:21,1e0df149-8ed9-44e4-b882-c3f15689d99f,image
a92446e8-3093-4640-9a12-8c7a8be30705,2024-06-11 02:14:28,07b09f06-154d-463b-880d-fb8d2c694151,multimedia
f57cf586-13b6-4f56-92b8-145b5504e8eb,2024-06-11 04:25:34,be91e581-379b-4c0a-84b4-7c72cf0f89eb,multimedia
a92446e8-3093-4640-9a12-8c7a8be30705,2024-06-11 05:32:11,313aa0cf-3d54-4dc0-83d9-045cc2729143,text_literary
7a88835e-9cda-4177-acd1-8c532b0b1417,2024-06-11 13:07:10,a171712a-60e8-48cb-b50b-45997f0d6344,multimedia
f57cf586-13b6-4f56-92b8-145b5504e8eb,2024-06-11 17:21:33,366c5cd1-0864-4dda-ace9-bbcd04e6ef82,image
d44ef86b-4b29-41a7-a0a1-52af726471d1,2024-06-11 21:34:16,366c5cd1-0864-4dda-ace9-bbcd04e6ef82,text_literary
d44ef86b-4b29-41a7-a0a1-52af726471d1,2024-06-12 01:48:43,9c25f076-e557-4f70-a8bb-7fdbf769d3f6,video
7ba76475-8c5f-47ad-a01e-3cff28094bd7,2024-06-12 02:38:03,6a3bc24f-8123-4291-af76-407a3735415e,image
7a88835e-9cda-4177-acd1-8c532b0b1417,2024-06-12 22:04:54,20c8de6d-0075-4cdb-8632-c97fbbbfdd45,text_simple_english
7a88835e-9cda-4177-acd1-8c532b0b1417,2024-06-13 09:40:37,148bc0d1-d404-4bec-95dc-6249e7c74429,multimedia
7ba76475-8c5f-47ad-a01e-3cff28094bd7,2024-06-13 12:45:44,0cf4dc98-1b69-4339-a978-92cd79a4b331,text_technical
a92446e8-3093-4640-9a12-8c7a8be30705,2024-06-13 13:58:12,ba4d4784-de15-46ff-8af1-3d01430b7d27,multimedia
a92446e8-3093-4640-9a12-8c7a8be30705,2024-06-13 14:45:28,75697f59-189e-4d03-8a5f-ab6d486c4a55,text_technical
7a88835e-9cda-4177-acd1-8c532b0b1417,2024-06-13 18:42:26,c06c3b3e-8488-498c-a991-57223b1ce6a3,image
a92446e8-3093-4640-9a12-8c7a8be30705,2024-06-14 02:39:31,7205a5a6-0133-494b-89ce-d03a2d9865e1,image
a92446e8-3093-4640-9a12-8c7a8be30705,2024-06-14 04:54:13,1c8b62e3-4cfc-42e7-9a2f-d2b351410639,text_simple_english
f57cf586-13b6-4f56-92b8-145b5504e8eb,2024-06-14 05:25:15,aaeccc82-3a7e-415f-a6b7-eca41b119094,audio
7a88835e-9cda-4177-acd1-8c532b0b1417,2024-06-14 13:11:50,be91e581-379b-4c0a-84b4-7c72cf0f89eb,image
a92446e8-3093-4640-9a12-8c7a8be30705,2024-06-14 21:09:03,d9e7b1b0-7018-4a63-b403-b107749cc2d1,image
d44ef86b-4b29-41a7-a0a1-52af726471d1,2024-06-15 01:08:26,df5ec830-9f55-4330-a61e-fe5851534ad0,text_simple_english
d44ef86b-4b29-41a7-a0a1-52af726471d1,2024-06-15 04:57:40,24c8b96b-09a6-4373-8a51-324c7a1cc229,image
a92446e8-3093-4640-9a12-8c7a8be30705,2024-06-15 11:41:06,105dbabf-1fb6-4738-af05-61e6ba4c783f,video
a92446e8-3093-4640-9a12-8c7a8be30705,2024-06-15 15:32:58,49c2676f-5589-486f-aaf7-25bf17c25ab4,image
7a88835e-9cda-4177-acd1-8c532b0b1417,2024-06-15 20:02:04,86507205-cf8b-4ad1-9140-c688a10fc513,text_literary
7a88835e-9cda-4177-acd1-8c532b0b1417,2024-06-15 22:22:15,0d16c65d-8414-427e-9317-7b5a78537c64,text_simple_english
7ba76475-8c5f-47ad-a01e-3cff28094bd7,2024-06-16 07:02:29,d6c9ee24-e09d-4630-b8ab-7d7904ad8f38,image
f57cf586-13b6-4f56-92b8-145b5504e8eb,2024-06-16 10:23:16,7205a5a6-0133-494b-89ce-d03a2d9865e1,image
d44ef86b-4b29-41a7-a0a1-52af726471d1,2024-06-16 19:49:59,0c414102-78fe-4c84-8de7-6c8ae6e7f5bf,image
f57cf586-13b6-4f56-92b8-145b5504e8eb,2024-06-16 20:19:07,de37ab03-d027-4918-abd5-a60b78b4930e,image
d44ef86b-4b29-41a7-a0a1-52af726471d1,2024-06-16 21:01:36,4084b96e-6100-47b5-b853-adfa25c83a5f,text_literary
f57cf586-13b6-4f56-92b8-145b5504e8eb,2024-06-16 21:15:19,ba4d4784-de15-46ff-8af1-3d01430b7d27,image
f57cf586-13b6-4f56-92b8-145b5504e8eb,2024-06-17 00:54:43,bea6970b-7eb6-40c0-b1cb-e11e5582e7c6,image
d44ef86b-4b29-41a7-a0a1-52af726471d1,2024-06-17 03:30:38,6b54a19b-ac2f-4f63-b889-67a8089755e0,image
f57cf586-13b6-4f56-92b8-145b5504e8eb,2024-06-17 04:16:11,7be4afa3-23ba-4337-9ac9-0d502988c2d8,image
d44ef86b-4b29-41a7-a0a1-52af726471d1,2024-06-17 04:16:39,c0173762-e453-4f72-bc5a-11fdcd6742d3,image
d44ef86b-4b29-41a7-a0a1-52af726471d1,2024-06-18 02:29:07,54d039fe-63a7-47b4-946c-3e96afe7d3a5,multimedia
7a88835e-9cda-4177-acd1-8c532b0b1417,2024-06-18 03:03:26,1881bdfe-b9a9-47e5-8a4b-d5e7f4c66807,text_technical
d44ef86b-4b29-41a7-a0a1-52af726471d1,2024-06-18 08:48:08,484fe420-fb64-47f2-ba12-0ee190241c92,text_simple_english
a92446e8-3093-4640-9a12-8c7a8be30705,2024-06-18 09:04:49,d9e7b1b0-7018-4a63-b403-b107749cc2d1,image
a92446e8-3093-4640-9a12-8c7a8be30705,2024-06-18 10:07:58,135a3bd5-0a11-4544-bad2-a1361d9910f6,image
7a88835e-9cda-4177-acd1-8c532b0b1417,2024-06-18 15:03:13,b8524c33-dc33-4191-9c1a-a5c1cadf0d8a,text_simple_english
a92446e8-3093-4640-9a12-8c7a8be30705,2024-06-18 22:42:54,23004745-eea8-496a-93e1-5ca6a88e3552,text_simple_english
f57cf586-13b6-4f56-92b8-145b5504e8eb,2024-06-19 06:14:16,86507205-cf8b-4ad1-9140-c688a10fc513,audio
f57cf586-13b6-4f56-92b8-145b5504e8eb,2024-06-19 09:34:40,7be4afa3-23ba-4337-9ac9-0d502988c2d8,multimedia
d44ef86b-4b29-41a7-a0a1-52af726471d1,2024-06-19 11:32:36,75697f59-189e-4d03-8a5f-ab6d486c4a55,image
7a88835e-9cda-4177-acd1-8c532b0b1417,2024-06-19 12:42:22,92b24b75-4846-4e7b-b5bb-136574110fb2,image
7ba76475-8c5f-47ad-a01e-3cff28094bd7,2024-06-19 16:15:29,de37ab03-d027-4918-abd5-a60b78b4930e,image
d44ef86b-4b29-41a7-a0a1-52af726471d1,2024-06-19 16:47:42,ba4d4784-de15-46ff-8af1-3d01430b7d27,text_simple_english
7a88835e-9cda-4177-acd1-8c532b0b1417,2024-06-19 21:49:56,94b7cb8e-538d-422d-b3b3-061047694dec,text_simple_english
7a88835e-9cda-4177-acd1-8c532b0b1417,2024-06-19 21:58:32,e3d7415c-ee2f-4f85-ab7f-4b1e85c4604c,image
7ba76475-8c5f-47ad-a01e-3cff28094bd7,2024-06-20 02:55:47,d9e7b1b0-7018-4a63-b403-b107749cc2d1,text_simple_english
7a88835e-9cda-4177-acd1-8c532b0b1417,2024-06-20 12:38:06,f2501ce3-a3aa-4413-9ecf-0ee53d1657b1,multimedia
a92446e8-3093-4640-9a12-8c7a8be30705,2024-06-20 13:09:03,86507205-cf8b-4ad1-9140-c688a10fc513,multimedia
d44ef86b-4b29-41a7-a0a1-52af726471d1,2024-06-20 13:43:25,d9e7b1b0-7018-4a63-b403-b107749cc2d1,text_technical
f57cf586-13b6-4f56-92b8-145b5504e8eb,2024-06-20 16:32:49,4e1d9a74-9ce9-4998-8053-7a370d2a9e94,image
f57cf586-13b6-4f56-92b8-145b5504e8eb,2024-06-20 16:54:41,fd99509e-3971-49b9-91e3-4f0ec9ef0543,image
a92446e8-3093-4640-9a12-8c7a8be30705,2024-06-20 20:37:28,c079aaa3-ee94-4ef0-bdfd-998f2a1fe30b,image
7ba76475-8c5f-47ad-a01e-3cff28094bd7,2024-06-21 00:22:31,41a78e61-e8be-464b-8c15-81abf8a704b9,image
d44ef86b-4b29-41a7-a0a1-52af726471d1,2024-06-21 12:07:06,8452d331-6565-4857-b546-6f13e03f5f75,text_simple_english
7a88835e-9cda-4177-acd1-8c532b0b1417,2024-06-21 13:43:08,6a3bc24f-8123-4291-af76-407a3735415e,multimedia
f57cf586-13b6-4f56-92b8-145b5504e8eb,2024-06-22 00:13:46,41a78e61-e8be-464b-8c15-81abf8a704b9,image
d44ef86b-4b29-41a7-a0a1-52af726471d1,2024-06-22 09:15:41,54d039fe-63a7-47b4-946c-3e96afe7d3a5,video
f57cf586-13b6-4f56-92b8-145b5504e8eb,2024-06-22 12:30:40,92b24b75-4846-4e7b-b5bb-136574110fb2,image
7ba76475-8c5f-47ad-a01e-3cff28094bd7,2024-06-22 12:54:29,de37ab03-d027-4918-abd5-a60b78b4930e,text_simple_english
f57cf586-13b6-4f56-92b8-145b5504e8eb,2024-06-22 22:15:22,7b63fcfc-b69d-4113-8eda-3f4f2592e26d,image
7ba76475-8c5f-47ad-a01e-3cff28094bd7,2024-06-22 22:59:00,93414baf-5e2c-49cd-a227-9c1e44086d74,text_simple_english
7ba76475-8c5f-47ad-a01e-3cff28094bd7,2024-06-23 03:41:55,244668f6-2087-44eb-97a9-29c466b52deb,text_literary
f57cf586-13b6-4f56-92b8-145b5504e8eb,2024-06-23 05:49:11,e3d7415c-ee2f-4f85-ab7f-4b1e85c4604c,multimedia
7ba76475-8c5f-47ad-a01e-3cff28094bd7,2024-06-23 23:16:08,7205a5a6-0133-494b-89ce-d03a2d9865e1,text_simple_english
7ba76475-8c5f-47ad-a01e-3cff28094bd7,2024-06-24 05:29:28,75697f59-189e-4d03-8a5f-ab6d486c4a55,text_simple_english
7ba76475-8c5f-47ad-a01e-3cff28094bd7,2024-06-24 07:43:49,89be5c3b-1e95-4b94-8590-016aeb186ea7,text_literary
a92446e8-3093-4640-9a12-8c7a8be30705,2024-06-25 01:05:56,9c1c373c-a653-456a-9b58-dd3013af8945,text_simple_english
7a88835e-9cda-4177-acd1-8c532b0b1417,2024-06-25 02:00:47,b6327c62-d1ac-4b42-902d-2ba58c7b0534,audio
7ba76475-8c5f-47ad-a01e-3cff28094bd7,2024-06-25 05:37:02,7205a5a6-0133-494b-89ce-d03a2d9865e1,image
7ba76475-8c5f-47ad-a01e-3cff28094bd7,2024-06-25 08:06:28,54d039fe-63a7-47b4-946c-3e96afe7d3a5,text_simple_english
d44ef86b-4b29-41a7-a0a1-52af726471d1,2024-06-25 09:01:00,de37ab03-d027-4918-abd5-a60b78b4930e,image
f57cf586-13b6-4f56-92b8-145b5504e8eb,2024-06-25 13:47:20,313aa0cf-3d54-4dc0-83d9-045cc2729143,text_simple_english
a92446e8-3093-4640-9a12-8c7a8be30705,2024-06-25 21:12:20,e3d7415c-ee2f-4f85-ab7f-4b1e85c4604c,image
7a88835e-9cda-4177-acd1-8c532b0b1417,2024-06-25 22:08:19,49c2676f-5589-486f-aaf7-25bf17c25ab4,image
a92446e8-3093-4640-9a12-8c7a8be30705,2024-06-25 22:51:35,92b24b75-4846-4e7b-b5bb-136574110fb2,image
d44ef86b-4b29-41a7-a0a1-52af726471d1,2024-06-26 11:00:00,6a937654-5612-4abd-8f33-b3864ebfdbe6,text_simple_english
7a88835e-9cda-4177-acd1-8c532b0b1417,2024-06-26 20:39:11,f2501ce3-a3aa-4413-9ecf-0ee53d1657b1,image
7ba76475-8c5f-47ad-a01e-3cff28094bd7,2024-06-26 20:50:08,98866c52-7be4-4903-b757-0c5c021935de,text_simple_english
7a88835e-9cda-4177-acd1-8c532b0b1417,2024-06-26 22:29:47,78f8a20d-f67d-421b-ae92-764c91d01dc0,text_simple_english
d44ef86b-4b29-41a7-a0a1-52af726471d1,2024-06-27 00:09:03,8452d331-6565-4857-b546-6f13e03f5f75,text_literary
d44ef86b-4b29-41a7-a0a1-52af726471d1,2024-06-27 01:38:02,e3d7415c-ee2f-4f85-ab7f-4b1e85c4604c,multimedia
d44ef86b-4b29-41a7-a0a1-52af726471d1,2024-06-27 08:59:56,454891f2-311b-4994-957f-de967f80570a,image
d44ef86b-4b29-41a7-a0a1-52af726471d1,2024-06-27 17:07:17,484fe420-fb64-47f2-ba12-0ee190241c92,image
a92446e8-3093-4640-9a12-8c7a8be30705,2024-06-27 20:43:08,0e0c2a8a-c0e1-42c5-b603-d2973496a2fe,image
f57cf586-13b6-4f56-92b8-145b5504e8eb,2024-06-27 23:52:52,d9e7b1b0-7018-4a63-b403-b107749cc2d1,text_simple_english
d44ef86b-4b29-41a7-a0a1-52af726471d1,2024-06-28 01:05:17,ba4d4784-de15-46ff-8af1-3d01430b7d27,text_simple_english
7a88835e-9cda-4177-acd1-8c532b0b1417,2024-06-28 02:31:10,fd99509e-3971-49b9-91e3-4f0ec9ef0543,text_simple_english
7ba76475-8c5f-47ad-a01e-3cff28094bd7,2024-06-28 02:33:47,b6327c62-d1ac-4b42-902d-2ba58c7b0534,image
7ba76475-8c5f-47ad-a01e-3cff28094bd7,2024-06-28 07:01:31,d845b7cc-447f-4c6c-8470-8c04cb63216c,text_technical
a92446e8-3093-4640-9a12-8c7a8be30705,2024-06-28 07:04:40,41a78e61-e8be-464b-8c15-81abf8a704b9,image
d44ef86b-4b29-41a7-a0a1-52af726471d1,2024-06-28 07:51:18,d845b7cc-447f-4c6c-8470-8c04cb63216c,text_simple_english
7ba76475-8c5f-47ad-a01e-3cff28094bd7,2024-06-28 08:50:49,244668f6-2087-44eb-97a9-29c466b52deb,image
7a88835e-9cda-4177-acd1-8c532b0b1417,2024-06-28 09:02:48,ec88cde0-ea5c-4dd6-96b8-b61ac3ca1842,multimedia
d44ef86b-4b29-41a7-a0a1-52af726471d1,2024-06-28 10:27:11,b65b57c3-2d26-4188-bb23-1d18be343ef0,text_literary
7ba76475-8c5f-47ad-a01e-3cff28094bd7,2024-06-28 14:13:58,b8524c33-dc33-4191-9c1a-a5c1cadf0d8a,audio
f57cf586-13b6-4f56-92b8-145b5504e8eb,2024-06-28 19:27:43,86507205-cf8b-4ad1-9140-c688a10fc513,text_simple_english
7ba76475-8c5f-47ad-a01e-3cff28094bd7,2024-06-29 01:40:52,711c7bf5-3b8e-4463-88b4-f873149c4438,text_simple_english
d44ef86b-4b29-41a7-a0a1-52af726471d1,2024-06-29 04:45:16,510edb1b-07cc-4e65-b324-d1d2b810feb8,text_literary
7ba76475-8c5f-47ad-a01e-3cff28094bd7,2024-06-29 05:22:59,c06c3b3e-8488-498c-a991-57223b1ce6a3,image
f57cf586-13b6-4f56-92b8-145b5504e8eb,2024-06-29 08:25:33,daf5740c-7477-49b6-8f29-b01f391c39d1,multimedia
d44ef86b-4b29-41a7-a0a1-52af726471d1,2024-06-29 10:01:26,366c5cd1-0864-4dda-ace9-bbcd04e6ef82,multimedia
d44ef86b-4b29-41a7-a0a1-52af726471d1,2024-06-29 22:48:23,07b09f06-154d-463b-880d-fb8d2c694151,text_simple_english
a92446e8-3093-4640-9a12-8c7a8be30705,2024-06-30 10:10:47,7205a5a6-0133-494b-89ce-d03a2d9865e1,text_technical
f57cf586-13b6-4f56-92b8-145b5504e8eb,2024-06-30 19:49:09,de207243-de21-4054-9ee8-043e0268c180,image
f57cf586-13b6-4f56-92b8-145b5504e8eb,2024-06-30 22:26:12,9c1c373c-a653-456a-9b58-dd3013af8945,text_simple_english
d44ef86b-4b29-41a7-a0a1-52af726471d1,2024-07-01 07:41:00,fa027bb1-ac29-478c-86da-0eb88ed255e6,image
a92446e8-3093-4640-9a12-8c7a8be30705,2024-07-01 08:22:05,15a89281-3765-46e0-a159-9210f2e3b311,multimedia
f57cf586-13b6-4f56-92b8-145b5504e8eb,2024-07-01 11:15:48,135a3bd5-0a11-4544-bad2-a1361d9910f6,image
7a88835e-9cda-4177-acd1-8c532b0b1417,2024-07-01 17:22:08,41a78e61-e8be-464b-8c15-81abf8a704b9,text_technical
7a88835e-9cda-4177-acd1-8c532b0b1417,2024-07-02 02:40:21,df5ec830-9f55-4330-a61e-fe5851534ad0,text_simple_english
f57cf586-13b6-4f56-92b8-145b5504e8eb,2024-07-02 10:47:59,1c8b62e3-4cfc-42e7-9a2f-d2b351410639,text_simple_english
a92446e8-3093-4640-9a12-8c7a8be30705,2024-07-02 12:05:03,484fe420-fb64-47f2-ba12-0ee190241c92,image
7a88835e-9cda-4177-acd1-8c532b0b1417,2024-07-02 21:13:38,1e0df149-8ed9-44e4-b882-c3f15689d99f,text_simple_english
7a88835e-9cda-4177-acd1-8c532b0b1417,2024-07-03 08:43:00,1b8e5731-1322-4b57-83c5-0adb64204cd9,image
7ba76475-8c5f-47ad-a01e-3cff28094bd7,2024-07-03 15:34:52,df5ec830-9f55-4330-a61e-fe5851534ad0,audio
7a88835e-9cda-4177-acd1-8c532b0b1417,2024-07-03 18:31:18,1c8b62e3-4cfc-42e7-9a2f-d2b351410639,image
a92446e8-3093-4640-9a12-8c7a8be30705,2024-07-03 20:41:39,75697f59-189e-4d03-8a5f-ab6d486c4a55,multimedia
a92446e8-3093-4640-9a12-8c7a8be30705,2024-07-03 21:23:52,148bc0d1-d404-4bec-95dc-6249e7c74429,image
7ba76475-8c5f-47ad-a01e-3cff28094bd7,2024-07-04 01:48:04,539d1d0b-db87-4703-b23e-61b21a27d640,text_simple_english
f57cf586-13b6-4f56-92b8-145b5504e8eb,2024-07-04 10:06:06,75697f59-189e-4d03-8a5f-ab6d486c4a55,text_simple_english
a92446e8-3093-4640-9a12-8c7a8be30705,2024-07-04 11:32:32,105dbabf-1fb6-4738-af05-61e6ba4c783f,image
d44ef86b-4b29-41a7-a0a1-52af726471d1,2024-07-04 21:07:52,9f60136c-1492-4253-822a-90bc3f7f34f3,multimedia
d44ef86b-4b29-41a7-a0a1-52af726471d1,2024-07-05 00:58:13,98866c52-7be4-4903-b757-0c5c021935de,text_simple_english
7ba76475-8c5f-47ad-a01e-3cff28094bd7,2024-07-05 04:16:28,55b491c4-e27c-4e6f-ba2c-f7f929d5ab95,audio
7ba76475-8c5f-47ad-a01e-3cff28094bd7,2024-07-05 07:45:07,bf8d30d3-5735-4499-b6ce-078543280ebb,multimedia
a92446e8-3093-4640-9a12-8c7a8be30705,2024-07-05 08:22:56,f353e2d8-7375-4d01-a4a4-0fd8dc81ec92,multimedia
7ba76475-8c5f-47ad-a01e-3cff28094bd7,2024-07-05 15:52:05,4e1d9a74-9ce9-4998-8053-7a370d2a9e94,text_simple_english
7a88835e-9cda-4177-acd1-8c532b0b1417,2024-07-05 22:41:07,9046d9c1-8a29-43f5-9899-e37856a156e2,image
7ba76475-8c5f-47ad-a01e-3cff28094bd7,2024-07-06 04:05:15,1c8b62e3-4cfc-42e7-9a2f-d2b351410639,text_technical
f57cf586-13b6-4f56-92b8-145b5504e8eb,2024-07-06 07:08:12,be91e581-379b-4c0a-84b4-7c72cf0f89eb,text_technical
f57cf586-13b6-4f56-92b8-145b5504e8eb,2024-07-06 20:34:50,be91e581-379b-4c0a-84b4-7c72cf0f89eb,multimedia
d44ef86b-4b29-41a7-a0a1-52af726471d1,2024-07-06 22:00:46,07b09f06-154d-463b-880d-fb8d2c694151,image
a92446e8-3093-4640-9a12-8c7a8be30705,2024-07-06 23:10:24,253ae91a-bf49-47f1-8fda-9dcc3e6ac09c,image
d44ef86b-4b29-41a7-a0a1-52af726471d1,2024-07-07 02:59:18,bf8d30d3-5735-4499-b6ce-078543280ebb,text_simple_english
d44ef86b-4b29-41a7-a0a1-52af726471d1,2024-07-07 14:19:53,75697f59-189e-4d03-8a5f-ab6d486c4a55,image
7ba76475-8c5f-47ad-a01e-3cff28094bd7,2024-07-07 14:24:23,23004745-eea8-496a-93e1-5ca6a88e3552,image
7ba76475-8c5f-47ad-a01e-3cff28094bd7,2024-07-08 01:14:46,c0173762-e453-4f72-bc5a-11fdcd6742d3,text_simple_english
a92446e8-3093-4640-9a12-8c7a8be30705,2024-07-08 04:24:32,0c414102-78fe-4c84-8de7-6c8ae6e7f5bf,text_simple_english
f57cf586-13b6-4f56-92b8-145b5504e8eb,2024-07-08 11:57:07,9bbca0f0-d601-464b-9802-be0aa10d284d,image
a92446e8-3093-4640-9a12-8c7a8be30705,2024-07-08 17:09:04,1881bdfe-b9a9-47e5-8a4b-d5e7f4c66807,image
7a88835e-9cda-4177-acd1-8c532b0b1417,2024-07-08 18:22:40,dc7c511e-c472-44dd-902c-923998d17dc2,multimedia
a92446e8-3093-4640-9a12-8c7a8be30705,2024-07-09 11:07:53,4e1d9a74-9ce9-4998-8053-7a370d2a9e94,image
d44ef86b-4b29-41a7-a0a1-52af726471d1,2024-07-09 22:03:28,d9e7b1b0-7018-4a63-b403-b107749cc2d1,image
a92446e8-3093-4640-9a12-8c7a8be30705,2024-07-10 03:09:24,8452d331-6565-4857-b546-6f13e03f5f75,text_technical
f57cf586-13b6-4f56-92b8-145b5504e8eb,2024-07-10 04:04:53,54d039fe-63a7-47b4-946c-3e96afe7d3a5,text_simple_english
7a88835e-9cda-4177-acd1-8c532b0b1417,2024-07-10 06:49:13,0e0c2a8a-c0e1-42c5-b603-d2973496a2fe,audio
f57cf586-13b6-4f56-92b8-145b5504e8eb,2024-07-10 12:01:46,ba4d4784-de15-46ff-8af1-3d01430b7d27,text_technical
7ba76475-8c5f-47ad-a01e-3cff28094bd7,2024-07-10 12:55:44,9f60136c-1492-4253-822a-90bc3f7f34f3,text_simple_english
a92446e8-3093-4640-9a12-8c7a8be30705,2024-07-10 16:14:40,94b7cb8e-538d-422d-b3b3-061047694dec,text_simple_english
d44ef86b-4b29-41a7-a0a1-52af726471d1,2024-07-10 18:34:58,5785202d-e5f8-4634-9113-276b0a12653f,image
f57cf586-13b6-4f56-92b8-145b5504e8eb,2024-07-10 19:26:47,70a87b6f-b260-4624-a166-1cd71c34379f,text_simple_english
a92446e8-3093-4640-9a12-8c7a8be30705,2024-07-11 02:45:19,819807c7-6903-436f-ab3d-9571c8bd08fb,image
7ba76475-8c5f-47ad-a01e-3cff28094bd7,2024-07-11 09:17:13,1b8e5731-1322-4b57-83c5-0adb64204cd9,multimedia
d44ef86b-4b29-41a7-a0a1-52af726471d1,2024-07-11 18:19:08,9046d9c1-8a29-43f5-9899-e37856a156e2,text_simple_english
a92446e8-3093-4640-9a12-8c7a8be30705,2024-07-12 00:08:31,bea6970b-7eb6-40c0-b1cb-e11e5582e7c6,text_literary
f57cf586-13b6-4f56-92b8-145b5504e8eb,2024-07-12 08:12:48,f353e2d8-7375-4d01-a4a4-0fd8dc81ec92,text_simple_english
d44ef86b-4b29-41a7-a0a1-52af726471d1,2024-07-12 11:02:00,c0173762-e453-4f72-bc5a-11fdcd6742d3,text_simple_english
7a88835e-9cda-4177-acd1-8c532b0b1417,2024-07-12 15:33:46,ba4d4784-de15-46ff-8af1-3d01430b7d27,multimedia
a92446e8-3093-4640-9a12-8c7a8be30705,2024-07-12 21:28:17,90648110-4701-4fb4-b26e-686319216179,text_simple_english
7a88835e-9cda-4177-acd1-8c532b0b1417,2024-07-12 22:04:09,62aa60b8-ad2f-45d3-902f-96609dfe401e,text_simple_english
f57cf586-13b6-4f56-92b8-145b5504e8eb,2024-07-13 13:14:58,890be5d6-bbd6-48e1-b186-97ba2a721b10,video
f57cf586-13b6-4f56-92b8-145b5504e8eb,2024-07-13 17:09:27,fa027bb1-ac29-478c-86da-0eb88ed255e6,image
f57cf586-13b6-4f56-92b8-145b5504e8eb,2024-07-13 17:55:25,78f8a20d-f67d-421b-ae92-764c91d01dc0,image
d44ef86b-4b29-41a7-a0a1-52af726471d1,2024-07-13 22:02:17,9bbca0f0-d601-464b-9802-be0aa10d284d,text_simple_english
a92446e8-3093-4640-9a12-8c7a8be30705,2024-07-14 05:57:53,15a89281-3765-46e0-a159-9210f2e3b311,image
f57cf586-13b6-4f56-92b8-145b5504e8eb,2024-07-14 06:23:28,4bb2a826-6a4e-49da-a984-899037c49cb4,text_technical
f57cf586-13b6-4f56-92b8-145b5504e8eb,2024-07-14 12:51:17,91c44e52-8071-4b82-b98d-75faf6a49c75,image
f57cf586-13b6-4f56-92b8-145b5504e8eb,2024-07-14 17:53:40,07b09f06-154d-463b-880d-fb8d2c694151,text_simple_english
7ba76475-8c5f-47ad-a01e-3cff28094bd7,2024-07-15 03:02:59,be91e581-379b-4c0a-84b4-7c72cf0f89eb,text_simple_english
a92446e8-3093-4640-9a12-8c7a8be30705,2024-07-15 03:54:08,890be5d6-bbd6-48e1-b186-97ba2a721b10,multimedia
a92446e8-3093-4640-9a12-8c7a8be30705,2024-07-15 04:29:58,5e458e0c-35b3-4073-bdfa-54810c12b191,text_simple_english
7ba76475-8c5f-47ad-a01e-3cff28094bd7,2024-07-15 06:48:31,94b7cb8e-538d-422d-b3b3-061047694dec,text_technical
a92446e8-3093-4640-9a12-8c7a8be30705,2024-07-15 09:36:38,b6327c62-d1ac-4b42-902d-2ba58c7b0534,multimedia
d44ef86b-4b29-41a7-a0a1-52af726471d1,2024-07-15 15:50:45,135a3bd5-0a11-4544-bad2-a1361d9910f6,image
a92446e8-3093-4640-9a12-8c7a8be30705,2024-07-15 21:23:58,98f45251-5e38-44b3-a03b-43b220f00ec9,multimedia
a92446e8-3093-4640-9a12-8c7a8be30705,2024-07-16 04:15:46,de207243-de21-4054-9ee8-043e0268c180,text_technical
d44ef86b-4b29-41a7-a0a1-52af726471d1,2024-07-16 04:30:58,1b8e5731-1322-4b57-83c5-0adb64204cd9,multimedia
f57cf586-13b6-4f56-92b8-145b5504e8eb,2024-07-16 05:40:17,df5ec830-9f55-4330-a61e-fe5851534ad0,text_simple_english
7ba76475-8c5f-47ad-a01e-3cff28094bd7,2024-07-16 06:33:12,bf8d30d3-5735-4499-b6ce-078543280ebb,audio
7ba76475-8c5f-47ad-a01e-3cff28094bd7,2024-07-16 16:15:30,ca80f9c2-c8b4-471d-abd4-2088bc345e63,text_simple_english
a92446e8-3093-4640-9a12-8c7a8be30705,2024-07-16 19:29:43,62aa60b8-ad2f-45d3-902f-96609dfe401e,image
a92446e8-3093-4640-9a12-8c7a8be30705,2024-07-16 23:36:54,ba4d4784-de15-46ff-8af1-3d01430b7d27,video
a92446e8-3093-4640-9a12-8c7a8be30705,2024-07-17 08:55:43,8452d331-6565-4857-b546-6f13e03f5f75,text_simple_english
a92446e8-3093-4640-9a12-8c7a8be30705,2024-07-17 10:12:44,ba4d4784-de15-46ff-8af1-3d01430b7d27,multimedia
f57cf586-13b6-4f56-92b8-145b5504e8eb,2024-07-17 15:01:08,de37ab03-d027-4918-abd5-a60b78b4930e,image
a92446e8-3093-4640-9a12-8c7a8be30705,2024-07-17 16:58:23,93414baf-5e2c-49cd-a227-9c1e44086d74,image
7a88835e-9cda-4177-acd1-8c532b0b1417,2024-07-17 17:32:00,4bb2a826-6a4e-49da-a984-899037c49cb4,text_technical
f57cf586-13b6-4f56-92b8-145b5504e8eb,2024-07-17 22:06:07,4084b96e-6100-47b5-b853-adfa25c83a5f,text_simple_english
7ba76475-8c5f-47ad-a01e-3cff28094bd7,2024-07-18 01:28:39,fcd9b849-696e-4e9c-b527-6997c3bbee24,text_technical
7a88835e-9cda-4177-acd1-8c532b0b1417,2024-07-18 13:40:25,23004745-eea8-496a-93e1-5ca6a88e3552,image
f57cf586-13b6-4f56-92b8-145b5504e8eb,2024-07-18 15:37:27,1b8e5731-1322-4b57-83c5-0adb64204cd9,multimedia
7ba76475-8c5f-47ad-a01e-3cff28094bd7,2024-07-18 21:24:29,1881bdfe-b9a9-47e5-8a4b-d5e7f4c66807,text_simple_english
7ba76475-8c5f-47ad-a01e-3cff28094bd7,2024-07-18 23:29:17,c0173762-e453-4f72-bc5a-11fdcd6742d3,text_technical
7a88835e-9cda-4177-acd1-8c532b0b1417,2024-07-18 23:45:03,4084b96e-6100-47b5-b853-adfa25c83a5f,image
f57cf586-13b6-4f56-92b8-145b5504e8eb,2024-07-18 23:55:01,07b09f06-154d-463b-880d-fb8d2c694151,text_simple_english
7ba76475-8c5f-47ad-a01e-3cff28094bd7,2024-07-19 02:16:12,d845b7cc-447f-4c6c-8470-8c04cb63216c,multimedia
d44ef86b-4b29-41a7-a0a1-52af726471d1,2024-07-19 13:29:31,23004745-eea8-496a-93e1-5ca6a88e3552,text_simple_english
d44ef86b-4b29-41a7-a0a1-52af726471d1,2024-07-19 16:34:54,484fe420-fb64-47f2-ba12-0ee190241c92,text_technical
7a88835e-9cda-4177-acd1-8c532b0b1417,2024-07-19 19:44:15,8452d331-6565-4857-b546-6f13e03f5f75,image
a92446e8-3093-4640-9a12-8c7a8be30705,2024-07-19 22:05:17,7b63fcfc-b69d-4113-8eda-3f4f2592e26d,image
f57cf586-13b6-4f56-92b8-145b5504e8eb,2024-07-19 23:50:06,911adedf-a58c-4f3d-8163-48de3bc832bb,text_simple_english
d44ef86b-4b29-41a7-a0a1-52af726471d1,2024-07-20 02:03:21,484fe420-fb64-47f2-ba12-0ee190241c92,image
d44ef86b-4b29-41a7-a0a1-52af726471d1,2024-07-20 11:55:14,e3d7415c-ee2f-4f85-ab7f-4b1e85c4604c,image
7ba76475-8c5f-47ad-a01e-3cff28094bd7,2024-07-20 15:08:23,c0173762-e453-4f72-bc5a-11fdcd6742d3,text_literary
a92446e8-3093-4640-9a12-8c7a8be30705,2024-07-20 22:35:18,c079aaa3-ee94-4ef0-bdfd-998f2a1fe30b,image
d44ef86b-4b29-41a7-a0a1-52af726471d1,2024-07-21 18:13:09,91c44e52-8071-4b82-b98d-75faf6a49c75,text_technical
a92446e8-3093-4640-9a12-8c7a8be30705,2024-07-21 20:26:44,d6c9ee24-e09d-4630-b8ab-7d7904ad8f38,text_technical
7a88835e-9cda-4177-acd1-8c532b0b1417,2024-07-21 22:18:24,24c8b96b-09a6-4373-8a51-324c7a1cc229,multimedia
f57cf586-13b6-4f56-92b8-145b5504e8eb,2024-07-22 01:02:50,454891f2-311b-4994-957f-de967f80570a,image
f57cf586-13b6-4f56-92b8-145b5504e8eb,2024-07-22 04:26:59,5785202d-e5f8-4634-9113-276b0a12653f,multimedia
d44ef86b-4b29-41a7-a0a1-52af726471d1,2024-07-22 07:10:54,244668f6-2087-44eb-97a9-29c466b52deb,text_simple_english
a92446e8-3093-4640-9a12-8c7a8be30705,2024-07-22 11:18:07,9c25f076-e557-4f70-a8bb-7fdbf769d3f6,text_technical
d44ef86b-4b29-41a7-a0a1-52af726471d1,2024-07-23 08:49:51,1b8e5731-1322-4b57-83c5-0adb64204cd9,text_simple_english
d44ef86b-4b29-41a7-a0a1-52af726471d1,2024-07-23 09:01:50,ec88cde0-ea5c-4dd6-96b8-b61ac3ca1842,image
7ba76475-8c5f-47ad-a01e-3cff28094bd7,2024-07-23 10:31:02,1c8b62e3-4cfc-42e7-9a2f-d2b351410639,text_simple_english
7a88835e-9cda-4177-acd1-8c532b0b1417,2024-07-23 11:34:01,d44fd35f-b73c-43e1-b951-1f6e006af337,text_technical
7a88835e-9cda-4177-acd1-8c532b0b1417,2024-07-23 12:19:10,ec88cde0-ea5c-4dd6-96b8-b61ac3ca1842,text_simple_english
f57cf586-13b6-4f56-92b8-145b5504e8eb,2024-07-23 13:49:35,ba4d4784-de15-46ff-8af1-3d01430b7d27,text_simple_english
d44ef86b-4b29-41a7-a0a1-52af726471d1,2024-07-23 14:47:03,94b7cb8e-538d-422d-b3b3-061047694dec,text_simple_english
a92446e8-3093-4640-9a12-8c7a8be30705,2024-07-23 18:21:59,98f45251-5e38-44b3-a03b-43b220f00ec9,video
7a88835e-9cda-4177-acd1-8c532b0b1417,2024-07-24 01:14:40,0d16c65d-8414-427e-9317-7b5a78537c64,image
a92446e8-3093-4640-9a12-8c7a8be30705,2024-07-24 02:37:30,1c8b62e3-4cfc-42e7-9a2f-d2b351410639,text_simple_english
7ba76475-8c5f-47ad-a01e-3cff28094bd7,2024-07-24 09:25:23,c0173762-e453-4f72-bc5a-11fdcd6742d3,text_technical
7a88835e-9cda-4177-acd1-8c532b0b1417,2024-07-24 18:34:35,d10e7ea1-a139-486f-baa3-791b78785780,text_technical
7ba76475-8c5f-47ad-a01e-3cff28094bd7,2024-07-25 02:38:11,90648110-4701-4fb4-b26e-686319216179,text_simple_english
f57cf586-13b6-4f56-92b8-145b5504e8eb,2024-07-25 03:05:51,9046d9c1-8a29-43f5-9899-e37856a156e2,multimedia
a92446e8-3093-4640-9a12-8c7a8be30705,2024-07-25 11:30:25,23004745-eea8-496a-93e1-5ca6a88e3552,text_technical
7a88835e-9cda-4177-acd1-8c532b0b1417,2024-07-25 16:03:32,5e458e0c-35b3-4073-bdfa-54810c12b191,text_simple_english
7ba76475-8c5f-47ad-a01e-3cff28094bd7,2024-07-25 20:34:11,93414baf-5e2c-49cd-a227-9c1e44086d74,multimedia
a92446e8-3093-4640-9a12-8c7a8be30705,2024-07-26 01:03:42,fcd9b849-696e-4e9c-b527-6997c3bbee24,text_simple_english
f57cf586-13b6-4f56-92b8-145b5504e8eb,2024-07-26 01:47:25,bea6970b-7eb6-40c0-b1cb-e11e5582e7c6,text_simple_english
f57cf586-13b6-4f56-92b8-145b5504e8eb,2024-07-26 12:31:28,d6c9ee24-e09d-4630-b8ab-7d7904ad8f38,multimedia
7ba76475-8c5f-47ad-a01e-3cff28094bd7,2024-07-26 23:38:01,75697f59-189e-4d03-8a5f-ab6d486c4a55,multimedia
f57cf586-13b6-4f56-92b8-145b5504e8eb,2024-07-26 23:42:58,75697f59-189e-4d03-8a5f-ab6d486c4a55,image
d44ef86b-4b29-41a7-a0a1-52af726471d1,2024-07-27 03:27:31,6b54a19b-ac2f-4f63-b889-67a8089755e0,text_simple_english
7a88835e-9cda-4177-acd1-8c532b0b1417,2024-07-27 08:15:41,15a89281-3765-46e0-a159-9210f2e3b311,text_simple_english
7a88835e-9cda-4177-acd1-8c532b0b1417,2024-07-27 09:13:04,41a78e61-e8be-464b-8c15-81abf8a704b9,text_simple_english
7a88835e-9cda-4177-acd1-8c532b0b1417,2024-07-27 10:51:58,20c8de6d-0075-4cdb-8632-c97fbbbfdd45,text_simple_english
d44ef86b-4b29-41a7-a0a1-52af726471d1,2024-07-27 12:12:22,78f8a20d-f67d-421b-ae92-764c91d01dc0,image
f57cf586-13b6-4f56-92b8-145b5504e8eb,2024-07-27 20:53:18,a171712a-60e8-48cb-b50b-45997f0d6344,image
f57cf586-13b6-4f56-92b8-145b5504e8eb,2024-07-27 23:20:38,7be4afa3-23ba-4337-9ac9-0d502988c2d8,multimedia
d44ef86b-4b29-41a7-a0a1-52af726471d1,2024-07-27 23:37:27,5e458e0c-35b3-4073-bdfa-54810c12b191,image
d44ef86b-4b29-41a7-a0a1-52af726471d1,2024-07-28 02:58:33,94b7cb8e-538d-422d-b3b3-061047694dec,text_simple_english
f57cf586-13b6-4f56-92b8-145b5504e8eb,2024-07-28 04:49:24,711c7bf5-3b8e-4463-88b4-f873149c4438,text_simple_english
7ba76475-8c5f-47ad-a01e-3cff28094bd7,2024-07-28 09:17:59,a171712a-60e8-48cb-b50b-45997f0d6344,text_simple_english
7ba76475-8c5f-47ad-a01e-3cff28094bd7,2024-07-28 11:03:57,0c414102-78fe-4c84-8de7-6c8ae6e7f5bf,image
7a88835e-9cda-4177-acd1-8c532b0b1417,2024-07-28 18:58:47,55b491c4-e27c-4e6f-ba2c-f7f929d5ab95,image
7ba76475-8c5f-47ad-a01e-3cff28094bd7,2024-07-28 20:16:49,ca80f9c2-c8b4-471d-abd4-2088bc345e63,multimedia
d44ef86b-4b29-41a7-a0a1-52af726471d1,2024-07-29 00:21:31,7be4afa3-23ba-4337-9ac9-0d502988c2d8,text_literary
7a88835e-9cda-4177-acd1-8c532b0b1417,2024-07-29 13:40:16,a6b40a08-9fc1-4820-8e85-54837418f646,multimedia
a92446e8-3093-4640-9a12-8c7a8be30705,2024-07-29 20:47:50,711c7bf5-3b8e-4463-88b4-f873149c4438,image
7ba76475-8c5f-47ad-a01e-3cff28094bd7,2024-07-30 00:39:39,fd99509e-3971-49b9-91e3-4f0ec9ef0543,image
f57cf586-13b6-4f56-92b8-145b5504e8eb,2024-07-30 07:27:57,f353e2d8-7375-4d01-a4a4-0fd8dc81ec92,image
7ba76475-8c5f-47ad-a01e-3cff28094bd7,2024-07-30 07:52:04,d10e7ea1-a139-486f-baa3-791b78785780,image
d44ef86b-4b29-41a7-a0a1-52af726471d1,2024-07-30 11:19:01,1c8b62e3-4cfc-42e7-9a2f-d2b351410639,text_simple_english
a92446e8-3093-4640-9a12-8c7a8be30705,2024-07-30 14:33:05,7b63fcfc-b69d-4113-8eda-3f4f2592e26d,text_simple_english
f57cf586-13b6-4f56-92b8-145b5504e8eb,2024-07-30 14:46:16,be91e581-379b-4c0a-84b4-7c72cf0f89eb,image
7a88835e-9cda-4177-acd1-8c532b0b1417,2024-07-30 18:25:13,d44fd35f-b73c-43e1-b951-1f6e006af337,text_simple_english
a92446e8-3093-4640-9a12-8c7a8be30705,2024-07-30 21:22:29,d6c9ee24-e09d-4630-b8ab-7d7904ad8f38,image
a92446e8-3093-4640-9a12-8c7a8be30705,2024-07-31 00:54:50,49c2676f-5589-486f-aaf7-25bf17c25ab4,text_simple_english
f57cf586-13b6-4f56-92b8-145b5504e8eb,2024-07-31 01:32:19,a171712a-60e8-48cb-b50b-45997f0d6344,text_simple_english
a92446e8-3093-4640-9a12-8c7a8be30705,2024-07-31 02:40:55,54d039fe-63a7-47b4-946c-3e96afe7d3a5,image
7ba76475-8c5f-47ad-a01e-3cff28094bd7,2024-07-31 09:56:12,89be5c3b-1e95-4b94-8590-016aeb186ea7,text_technical
7a88835e-9cda-4177-acd1-8c532b0b1417,2024-07-31 10:18:02,313aa0cf-3d54-4dc0-83d9-045cc2729143,text_simple_english
7ba76475-8c5f-47ad-a01e-3cff28094bd7,2024-07-31 11:46:29,e3d7415c-ee2f-4f85-ab7f-4b1e85c4604c,multimedia
7ba76475-8c5f-47ad-a01e-3cff28094bd7,2024-07-31 14:37:30,91c44e52-8071-4b82-b98d-75faf6a49c75,image
7ba76475-8c5f-47ad-a01e-3cff28094bd7,2024-07-31 16:53:16,d10e7ea1-a139-486f-baa3-791b78785780,text_simple_english
f57cf586-13b6-4f56-92b8-145b5504e8eb,2024-07-31 17:42:34,dc7c511e-c472-44dd-902c-923998d17dc2,text_simple_english
7a88835e-9cda-4177-acd1-8c532b0b1417,2024-08-01 00:27:55,9c25f076-e557-4f70-a8bb-7fdbf769d3f6,image
7a88835e-9cda-4177-acd1-8c532b0b1417,2024-08-01 05:20:28,1c8b62e3-4cfc-42e7-9a2f-d2b351410639,image
7ba76475-8c5f-47ad-a01e-3cff28094bd7,2024-08-01 07:51:02,a171712a-60e8-48cb-b50b-45997f0d6344,text_technical
a92446e8-3093-4640-9a12-8c7a8be30705,2024-08-01 08:06:57,7be4afa3-23ba-4337-9ac9-0d502988c2d8,text_simple_english
f57cf586-13b6-4f56-92b8-145b5504e8eb,2024-08-01 09:21:52,253ae91a-bf49-47f1-8fda-9dcc3e6ac09c,image
7ba76475-8c5f-47ad-a01e-3cff28094bd7,2024-08-01 10:07:45,484fe420-fb64-47f2-ba12-0ee190241c92,text_simple_english
7ba76475-8c5f-47ad-a01e-3cff28094bd7,2024-08-01 16:37:16,7b63fcfc-b69d-4113-8eda-3f4f2592e26d,text_simple_english
7a88835e-9cda-4177-acd1-8c532b0b1417,2024-08-01 22:37:51,f353e2d8-7375-4d01-a4a4-0fd8dc81ec92,image
a92446e8-3093-4640-9a12-8c7a8be30705,2024-08-01 23:23:36,24c8b96b-09a6-4373-8a51-324c7a1cc229,text_technical
a92446e8-3093-4640-9a12-8c7a8be30705,2024-08-01 23:55:55,510edb1b-07cc-4e65-b324-d1d2b810feb8,audio
a92446e8-3093-4640-9a12-8c7a8be30705,2024-08-02 02:05:14,4bb2a826-6a4e-49da-a984-899037c49cb4,text_simple_english
d44ef86b-4b29-41a7-a0a1-52af726471d1,2024-08-02 02:43:19,de37ab03-d027-4918-abd5-a60b78b4930e,text_technical
a92446e8-3093-4640-9a12-8c7a8be30705,2024-08-02 09:45:50,54d039fe-63a7-47b4-946c-3e96afe7d3a5,text_technical
d44ef86b-4b29-41a7-a0a1-52af726471d1,2024-08-02 11:53:38,0d16c65d-8414-427e-9317-7b5a78537c64,text_technical
7a88835e-9cda-4177-acd1-8c532b0b1417,2024-08-02 12:39:00,fa027bb1-ac29-478c-86da-0eb88ed255e6,text_literary
f57cf586-13b6-4f56-92b8-145b5504e8eb,2024-08-02 18:28:56,f2501ce3-a3aa-4413-9ecf-0ee53d1657b1,multimedia
a92446e8-3093-4640-9a12-8c7a8be30705,2024-08-03 03:21:42,70a87b6f-b260-4624-a166-1cd71c34379f,image
7ba76475-8c5f-47ad-a01e-3cff28094bd7,2024-08-03 07:44:32,6a937654-5612-4abd-8f33-b3864ebfdbe6,image
d44ef86b-4b29-41a7-a0a1-52af726471d1,2024-08-03 17:14:09,7205a5a6-0133-494b-89ce-d03a2d9865e1,multimedia
7a88835e-9cda-4177-acd1-8c532b0b1417,2024-08-04 00:05:57,89be5c3b-1e95-4b94-8590-016aeb186ea7,text_simple_english
7ba76475-8c5f-47ad-a01e-3cff28094bd7,2024-08-04 00:21:16,1c8b62e3-4cfc-42e7-9a2f-d2b351410639,text_simple_english
a92446e8-3093-4640-9a12-8c7a8be30705,2024-08-04 01:43:44,df5ec830-9f55-4330-a61e-fe5851534ad0,text_simple_english
f57cf586-13b6-4f56-92b8-145b5504e8eb,2024-08-04 03:41:08,d6c9ee24-e09d-4630-b8ab-7d7904ad8f38,audio
a92446e8-3093-4640-9a12-8c7a8be30705,2024-08-04 04:28:29,911adedf-a58c-4f3d-8163-48de3bc832bb,audio
d44ef86b-4b29-41a7-a0a1-52af726471d1,2024-08-04 09:15:25,23004745-eea8-496a-93e1-5ca6a88e3552,image
a92446e8-3093-4640-9a12-8c7a8be30705,2024-08-04 10:04:09,de37ab03-d027-4918-abd5-a60b78b4930e,text_simple_english
7a88835e-9cda-4177-acd1-8c532b0b1417,2024-08-04 12:05:30,d9e7b1b0-7018-4a63-b403-b107749cc2d1,image
a92446e8-3093-4640-9a12-8c7a8be30705,2024-08-05 06:43:20,1e0df149-8ed9-44e4-b882-c3f15689d99f,image
d44ef86b-4b29-41a7-a0a1-52af726471d1,2024-08-05 07:33:40,6b54a19b-ac2f-4f63-b889-67a8089755e0,image
7ba76475-8c5f-47ad-a01e-3cff28094bd7,2024-08-05 08:06:00,d10e7ea1-a139-486f-baa3-791b78785780,text_simple_english
7ba76475-8c5f-47ad-a01e-3cff28094bd7,2024-08-05 17:28:02,93414baf-5e2c-49cd-a227-9c1e44086d74,multimedia
d44ef86b-4b29-41a7-a0a1-52af726471d1,2024-08-05 18:08:43,78f8a20d-f67d-421b-ae92-764c91d01dc0,text_literary
7a88835e-9cda-4177-acd1-8c532b0b1417,2024-08-05 18:25:45,6b54a19b-ac2f-4f63-b889-67a8089755e0,image
7a88835e-9cda-4177-acd1-8c532b0b1417,2024-08-05 19:13:39,d10e7ea1-a139-486f-baa3-791b78785780,video
a92446e8-3093-4640-9a12-8c7a8be30705,2024-08-05 22:27:34,feadf47d-694c-416b-ba59-4a3e79c0b028,image
7a88835e-9cda-4177-acd1-8c532b0b1417,2024-08-06 10:25:55,54d039fe-63a7-47b4-946c-3e96afe7d3a5,image
f57cf586-13b6-4f56-92b8-145b5504e8eb,2024-08-06 12:33:18,62aa60b8-ad2f-45d3-902f-96609dfe401e,image
d44ef86b-4b29-41a7-a0a1-52af726471d1,2024-08-06 12:49:11,89be5c3b-1e95-4b94-8590-016aeb186ea7,multimedia
d44ef86b-4b29-41a7-a0a1-52af726471d1,2024-08-06 18:13:59,9f60136c-1492-4253-822a-90bc3f7f34f3,text_simple_english
7a88835e-9cda-4177-acd1-8c532b0b1417,2024-08-06 20:35:08,4084b96e-6100-47b5-b853-adfa25c83a5f,text_simple_english
a92446e8-3093-4640-9a12-8c7a8be30705,2024-08-06 22:30:45,0c414102-78fe-4c84-8de7-6c8ae6e7f5bf,image
f57cf586-13b6-4f56-92b8-145b5504e8eb,2024-08-06 23:08:58,f2501ce3-a3aa-4413-9ecf-0ee53d1657b1,image
d44ef86b-4b29-41a7-a0a1-52af726471d1,2024-08-07 02:34:20,d44fd35f-b73c-43e1-b951-1f6e006af337,text_simple_english
f57cf586-13b6-4f56-92b8-145b5504e8eb,2024-08-07 02:54:27,1881bdfe-b9a9-47e5-8a4b-d5e7f4c66807,image
7ba76475-8c5f-47ad-a01e-3cff28094bd7,2024-08-07 03:13:11,7ab38759-d965-470c-9f40-75d3f70ffa4c,text_simple_english
f57cf586-13b6-4f56-92b8-145b5504e8eb,2024-08-07 04:01:53,7279337e-d37f-4fa3-8a49-998969552403,image
7a88835e-9cda-4177-acd1-8c532b0b1417,2024-08-07 04:12:14,6a3bc24f-8123-4291-af76-407a3735415e,multimedia
7a88835e-9cda-4177-acd1-8c532b0b1417,2024-08-07 08:44:41,6a937654-5612-4abd-8f33-b3864ebfdbe6,image
7a88835e-9cda-4177-acd1-8c532b0b1417,2024-08-07 08:54:30,5785202d-e5f8-4634-9113-276b0a12653f,image
d44ef86b-4b29-41a7-a0a1-52af726471d1,2024-08-07 09:42:20,9f60136c-1492-4253-822a-90bc3f7f34f3,multimedia
f57cf586-13b6-4f56-92b8-145b5504e8eb,2024-08-07 16:45:11,d9e7b1b0-7018-4a63-b403-b107749cc2d1,text_technical
f57cf586-13b6-4f56-92b8-145b5504e8eb,2024-08-07 23:24:58,fa027bb1-ac29-478c-86da-0eb88ed255e6,text_simple_english
7a88835e-9cda-4177-acd1-8c532b0b1417,2024-08-08 00:39:56,711c7bf5-3b8e-4463-88b4-f873149c4438,text_simple_english
d44ef86b-4b29-41a7-a0a1-52af726471d1,2024-08-08 04:30:34,ba4d4784-de15-46ff-8af1-3d01430b7d27,image
7a88835e-9cda-4177-acd1-8c532b0b1417,2024-08-08 04:41:51,92b24b75-4846-4e7b-b5bb-136574110fb2,image
7a88835e-9cda-4177-acd1-8c532b0b1417,2024-08-08 11:01:09,819807c7-6903-436f-ab3d-9571c8bd08fb,image
f57cf586-13b6-4f56-92b8-145b5504e8eb,2024-08-08 15:44:42,62aa60b8-ad2f-45d3-902f-96609dfe401e,image
a92446e8-3093-4640-9a12-8c7a8be30705,2024-08-08 15:46:51,9c1c373c-a653-456a-9b58-dd3013af8945,text_technical
7a88835e-9cda-4177-acd1-8c532b0b1417,2024-08-08 19:52:01,b8524c33-dc33-4191-9c1a-a5c1cadf0d8a,image
f57cf586-13b6-4f56-92b8-145b5504e8eb,2024-08-08 21:10:29,5e458e0c-35b3-4073-bdfa-54810c12b191,text_technical
f57cf586-13b6-4f56-92b8-145b5504e8eb,2024-08-09 00:56:18,ec88cde0-ea5c-4dd6-96b8-b61ac3ca1842,multimedia
d44ef86b-4b29-41a7-a0a1-52af726471d1,2024-08-09 06:37:37,41a78e61-e8be-464b-8c15-81abf8a704b9,text_simple_english
f57cf586-13b6-4f56-92b8-145b5504e8eb,2024-08-09 14:38:55,54d039fe-63a7-47b4-946c-3e96afe7d3a5,image
d44ef86b-4b29-41a7-a0a1-52af726471d1,2024-08-10 00:21:10,1c8b62e3-4cfc-42e7-9a2f-d2b351410639,image
7ba76475-8c5f-47ad-a01e-3cff28094bd7,2024-08-10 06:50:51,484fe420-fb64-47f2-ba12-0ee190241c92,multimedia
7a88835e-9cda-4177-acd1-8c532b0b1417,2024-08-10 07:21:07,6a3bc24f-8123-4291-af76-407a3735415e,audio
7a88835e-9cda-4177-acd1-8c532b0b1417,2024-08-10 12:16:17,a6b40a08-9fc1-4820-8e85-54837418f646,text_simple_english
7a88835e-9cda-4177-acd1-8c532b0b1417,2024-08-10 12:55:12,54d039fe-63a7-47b4-946c-3e96afe7d3a5,text_literary
a92446e8-3093-4640-9a12-8c7a8be30705,2024-08-10 14:16:21,d9e7b1b0-7018-4a63-b403-b107749cc2d1,multimedia
7a88835e-9cda-4177-acd1-8c532b0b1417,2024-08-10 14:18:20,91c44e52-8071-4b82-b98d-75faf6a49c75,text_simple_english
a92446e8-3093-4640-9a12-8c7a8be30705,2024-08-10 20:03:45,244668f6-2087-44eb-97a9-29c466b52deb,image
7ba76475-8c5f-47ad-a01e-3cff28094bd7,2024-08-11 01:29:11,539d1d0b-db87-4703-b23e-61b21a27d640,video
a92446e8-3093-4640-9a12-8c7a8be30705,2024-08-11 15:07:07,6a3bc24f-8123-4291-af76-407a3735415e,image
a92446e8-3093-4640-9a12-8c7a8be30705,2024-08-12 00:20:41,0d16c65d-8414-427e-9317-7b5a78537c64,text_simple_english
d44ef86b-4b29-41a7-a0a1-52af726471d1,2024-08-12 00:36:21,c079aaa3-ee94-4ef0-bdfd-998f2a1fe30b,text_literary
a92446e8-3093-4640-9a12-8c7a8be30705,2024-08-12 00:38:30,daf5740c-7477-49b6-8f29-b01f391c39d1,image
d44ef86b-4b29-41a7-a0a1-52af726471d1,2024-08-12 05:21:37,9f60136c-1492-4253-822a-90bc3f7f34f3,text_simple_english
a92446e8-3093-4640-9a12-8c7a8be30705,2024-08-12 05:26:05,aaeccc82-3a7e-415f-a6b7-eca41b119094,image
f57cf586-13b6-4f56-92b8-145b5504e8eb,2024-08-12 06:32:59,9c1c373c-a653-456a-9b58-dd3013af8945,image
d44ef86b-4b29-41a7-a0a1-52af726471d1,2024-08-12 09:15:56,b8524c33-dc33-4191-9c1a-a5c1cadf0d8a,text_simple_english
a92446e8-3093-4640-9a12-8c7a8be30705,2024-08-12 10:32:22,4084b96e-6100-47b5-b853-adfa25c83a5f,text_simple_english
f57cf586-13b6-4f56-92b8-145b5504e8eb,2024-08-12 15:28:00,1881bdfe-b9a9-47e5-8a4b-d5e7f4c66807,image
d44ef86b-4b29-41a7-a0a1-52af726471d1,2024-08-12 18:11:47,911adedf-a58c-4f3d-8163-48de3bc832bb,multimedia
7a88835e-9cda-4177-acd1-8c532b0b1417,2024-08-12 20:08:54,a6a304e3-8300-48b9-a5a3-fee3a3d34e11,text_simple_english
f57cf586-13b6-4f56-92b8-145b5504e8eb,2024-08-13 00:35:57,78f8a20d-f67d-421b-ae92-764c91d01dc0,text_simple_english
7a88835e-9cda-4177-acd1-8c532b0b1417,2024-08-13 02:36:12,d845b7cc-447f-4c6c-8470-8c04cb63216c,text_simple_english
7ba76475-8c5f-47ad-a01e-3cff28094bd7,2024-08-13 05:27:46,148bc0d1-d404-4bec-95dc-6249e7c74429,image
f57cf586-13b6-4f56-92b8-145b5504e8eb,2024-08-13 05:43:44,148bc0d1-d404-4bec-95dc-6249e7c74429,image
d44ef86b-4b29-41a7-a0a1-52af726471d1,2024-08-13 05:55:53,ca80f9c2-c8b4-471d-abd4-2088bc345e63,text_simple_english
7ba76475-8c5f-47ad-a01e-3cff28094bd7,2024-08-13 15:30:10,911adedf-a58c-4f3d-8163-48de3bc832bb,multimedia
f57cf586-13b6-4f56-92b8-145b5504e8eb,2024-08-13 16:03:00,91c44e52-8071-4b82-b98d-75faf6a49c75,text_technical
7a88835e-9cda-4177-acd1-8c532b0b1417,2024-08-13 17:23:49,135a3bd5-0a11-4544-bad2-a1361d9910f6,multimedia
7a88835e-9cda-4177-acd1-8c532b0b1417,2024-08-13 21:18:09,819807c7-6903-436f-ab3d-9571c8bd08fb,text_simple_english
7ba76475-8c5f-47ad-a01e-3cff28094bd7,2024-08-13 21:39:08,7205a5a6-0133-494b-89ce-d03a2d9865e1,image
f57cf586-13b6-4f56-92b8-145b5504e8eb,2024-08-14 05:33:08,484fe420-fb64-47f2-ba12-0ee190241c92,text_simple_english
7a88835e-9cda-4177-acd1-8c532b0b1417,2024-08-14 08:51:13,ca80f9c2-c8b4-471d-abd4-2088bc345e63,image
7ba76475-8c5f-47ad-a01e-3cff28094bd7,2024-08-14 14:40:25,244668f6-2087-44eb-97a9-29c466b52deb,text_literary
7a88835e-9cda-4177-acd1-8c532b0b1417,2024-08-14 15:10:48,105dbabf-1fb6-4738-af05-61e6ba4c783f,image
7ba76475-8c5f-47ad-a01e-3cff28094bd7,2024-08-14 16:48:58,105dbabf-1fb6-4738-af05-61e6ba4c783f,image
a92446e8-3093-4640-9a12-8c7a8be30705,2024-08-15 04:00:52,70a87b6f-b260-4624-a166-1cd71c34379f,text_simple_english
7a88835e-9cda-4177-acd1-8c532b0b1417,2024-08-15 15:02:31,ca80f9c2-c8b4-471d-abd4-2088bc345e63,text_technical
7ba76475-8c5f-47ad-a01e-3cff28094bd7,2024-08-15 17:10:15,7ab38759-d965-470c-9f40-75d3f70ffa4c,text_simple_english
7ba76475-8c5f-47ad-a01e-3cff28094bd7,2024-08-15 21:14:02,89be5c3b-1e95-4b94-8590-016aeb186ea7,image
7ba76475-8c5f-47ad-a01e-3cff28094bd7,2024-08-15 23:29:30,86507205-cf8b-4ad1-9140-c688a10fc513,multimedia
d44ef86b-4b29-41a7-a0a1-52af726471d1,2024-08-15 23:31:16,54d039fe-63a7-47b4-946c-3e96afe7d3a5,image
a92446e8-3093-4640-9a12-8c7a8be30705,2024-08-16 00:17:15,4084b96e-6100-47b5-b853-adfa25c83a5f,text_simple_english
d44ef86b-4b29-41a7-a0a1-52af726471d1,2024-08-16 01:28:01,feadf47d-694c-416b-ba59-4a3e79c0b028,image
f57cf586-13b6-4f56-92b8-145b5504e8eb,2024-08-16 06:07:34,55b491c4-e27c-4e6f-ba2c-f7f929d5ab95,multimedia
7a88835e-9cda-4177-acd1-8c532b0b1417,2024-08-16 07:22:02,d9e7b1b0-7018-4a63-b403-b107749cc2d1,image
d44ef86b-4b29-41a7-a0a1-52af726471d1,2024-08-16 16:03:46,1b8e5731-1322-4b57-83c5-0adb64204cd9,image
d44ef86b-4b29-41a7-a0a1-52af726471d1,2024-08-16 16:04:16,ac0ee7c5-fb97-4c40-9d04-1374fdd8de83,text_technical
7ba76475-8c5f-47ad-a01e-3cff28094bd7,2024-08-17 01:09:03,890be5d6-bbd6-48e1-b186-97ba2a721b10,text_literary
f57cf586-13b6-4f56-92b8-145b5504e8eb,2024-08-17 05:48:12,366c5cd1-0864-4dda-ace9-bbcd04e6ef82,multimedia
a92446e8-3093-4640-9a12-8c7a8be30705,2024-08-17 18:01:26,d44fd35f-b73c-43e1-b951-1f6e006af337,text_simple_english
a92446e8-3093-4640-9a12-8c7a8be30705,2024-08-17 21:06:52,911adedf-a58c-4f3d-8163-48de3bc832bb,multimedia
d44ef86b-4b29-41a7-a0a1-52af726471d1,2024-08-17 21:13:37,9f60136c-1492-4253-822a-90bc3f7f34f3,image
f57cf586-13b6-4f56-92b8-145b5504e8eb,2024-08-17 21:14:31,105dbabf-1fb6-4738-af05-61e6ba4c783f,image
a92446e8-3093-4640-9a12-8c7a8be30705,2024-08-17 21:45:55,fa027bb1-ac29-478c-86da-0eb88ed255e6,text_simple_english
7a88835e-9cda-4177-acd1-8c532b0b1417,2024-08-18 04:13:59,0e0c2a8a-c0e1-42c5-b603-d2973496a2fe,image
d44ef86b-4b29-41a7-a0a1-52af726471d1,2024-08-18 05:24:29,7205a5a6-0133-494b-89ce-d03a2d9865e1,text_simple_english
f57cf586-13b6-4f56-92b8-145b5504e8eb,2024-08-18 20:57:39,93414baf-5e2c-49cd-a227-9c1e44086d74,image
a92446e8-3093-4640-9a12-8c7a8be30705,2024-08-19 07:52:00,be91e581-379b-4c0a-84b4-7c72cf0f89eb,text_simple_english
7a88835e-9cda-4177-acd1-8c532b0b1417,2024-08-19 10:21:26,f353e2d8-7375-4d01-a4a4-0fd8dc81ec92,video
7a88835e-9cda-4177-acd1-8c532b0b1417,2024-08-19 13:04:37,20c8de6d-0075-4cdb-8632-c97fbbbfdd45,image
7ba76475-8c5f-47ad-a01e-3cff28094bd7,2024-08-19 13:43:15,54d039fe-63a7-47b4-946c-3e96afe7d3a5,text_simple_english
7a88835e-9cda-4177-acd1-8c532b0b1417,2024-08-19 19:12:41,be91e581-379b-4c0a-84b4-7c72cf0f89eb,text_simple_english
7a88835e-9cda-4177-acd1-8c532b0b1417,2024-08-19 23:12:51,911adedf-a58c-4f3d-8163-48de3bc832bb,text_simple_english
a92446e8-3093-4640-9a12-8c7a8be30705,2024-08-20 02:25:04,15a89281-3765-46e0-a159-9210f2e3b311,multimedia
f57cf586-13b6-4f56-92b8-145b5504e8eb,2024-08-20 06:44:54,510edb1b-07cc-4e65-b324-d1d2b810feb8,text_literary
a92446e8-3093-4640-9a12-8c7a8be30705,2024-08-20 08:28:26,78f8a20d-f67d-421b-ae92-764c91d01dc0,multimedia
d44ef86b-4b29-41a7-a0a1-52af726471d1,2024-08-20 11:04:32,c06c3b3e-8488-498c-a991-57223b1ce6a3,text_technical
f57cf586-13b6-4f56-92b8-145b5504e8eb,2024-08-20 16:35:29,20c8de6d-0075-4cdb-8632-c97fbbbfdd45,text_simple_english
7ba76475-8c5f-47ad-a01e-3cff28094bd7,2024-08-20 17:12:45,df5ec830-9f55-4330-a61e-fe5851534ad0,multimedia
d44ef86b-4b29-41a7-a0a1-52af726471d1,2024-08-21 01:37:12,f2501ce3-a3aa-4413-9ecf-0ee53d1657b1,text_simple_english
a92446e8-3093-4640-9a12-8c7a8be30705,2024-08-21 08:07:11,fcd9b849-696e-4e9c-b527-6997c3bbee24,multimedia
7ba76475-8c5f-47ad-a01e-3cff28094bd7,2024-08-21 10:36:22,4084b96e-6100-47b5-b853-adfa25c83a5f,text_simple_english
f57cf586-13b6-4f56-92b8-145b5504e8eb,2024-08-21 14:15:44,a6b40a08-9fc1-4820-8e85-54837418f646,text_technical
a92446e8-3093-4640-9a12-8c7a8be30705,2024-08-21 16:31:20,0d16c65d-8414-427e-9317-7b5a78537c64,image
a92446e8-3093-4640-9a12-8c7a8be30705,2024-08-21 18:51:14,a171712a-60e8-48cb-b50b-45997f0d6344,text_simple_english
d44ef86b-4b29-41a7-a0a1-52af726471d1,2024-08-21 19:06:18,c079aaa3-ee94-4ef0-bdfd-998f2a1fe30b,text_simple_english
7ba76475-8c5f-47ad-a01e-3cff28094bd7,2024-08-21 20:45:31,dc7c511e-c472-44dd-902c-923998d17dc2,multimedia
d44ef86b-4b29-41a7-a0a1-52af726471d1,2024-08-22 13:07:17,ca80f9c2-c8b4-471d-abd4-2088bc345e63,text_simple_english
a92446e8-3093-4640-9a12-8c7a8be30705,2024-08-22 16:19:13,0e0c2a8a-c0e1-42c5-b603-d2973496a2fe,multimedia
f57cf586-13b6-4f56-92b8-145b5504e8eb,2024-08-22 20:14:16,dc7c511e-c472-44dd-902c-923998d17dc2,text_literary
d44ef86b-4b29-41a7-a0a1-52af726471d1,2024-08-22 21:47:11,7ab38759-d965-470c-9f40-75d3f70ffa4c,image
d44ef86b-4b29-41a7-a0a1-52af726471d1,2024-08-23 00:14:35,ac0ee7c5-fb97-4c40-9d04-1374fdd8de83,image
7ba76475-8c5f-47ad-a01e-3cff28094bd7,2024-08-23 11:23:38,90648110-4701-4fb4-b26e-686319216179,text_simple_english
7ba76475-8c5f-47ad-a01e-3cff28094bd7,2024-08-23 12:25:12,b6327c62-d1ac-4b42-902d-2ba58c7b0534,text_simple_english
f57cf586-13b6-4f56-92b8-145b5504e8eb,2024-08-23 17:34:54,41a78e61-e8be-464b-8c15-81abf8a704b9,image
7ba76475-8c5f-47ad-a01e-3cff28094bd7,2024-08-23 23:36:14,105dbabf-1fb6-4738-af05-61e6ba4c783f,multimedia
a92446e8-3093-4640-9a12-8c7a8be30705,2024-08-24 01:13:20,819807c7-6903-436f-ab3d-9571c8bd08fb,text_simple_english
d44ef86b-4b29-41a7-a0a1-52af726471d1,2024-08-24 01:15:24,94b7cb8e-538d-422d-b3b3-061047694dec,multimedia
7a88835e-9cda-4177-acd1-8c532b0b1417,2024-08-24 09:17:07,fa027bb1-ac29-478c-86da-0eb88ed255e6,audio
7ba76475-8c5f-47ad-a01e-3cff28094bd7,2024-08-24 09:37:19,b8524c33-dc33-4191-9c1a-a5c1cadf0d8a,text_simple_english
7a88835e-9cda-4177-acd1-8c532b0b1417,2024-08-24 09:49:36,89be5c3b-1e95-4b94-8590-016aeb186ea7,text_simple_english
f57cf586-13b6-4f56-92b8-145b5504e8eb,2024-08-24 11:59:07,484fe420-fb64-47f2-ba12-0ee190241c92,text_simple_english
d44ef86b-4b29-41a7-a0a1-52af726471d1,2024-08-24 12:41:41,819807c7-6903-436f-ab3d-9571c8bd08fb,text_simple_english
7a88835e-9cda-4177-acd1-8c532b0b1417,2024-08-24 17:37:43,de207243-de21-4054-9ee8-043e0268c180,image
f57cf586-13b6-4f56-92b8-145b5504e8eb,2024-08-24 21:02:17,135a3bd5-0a11-4544-bad2-a1361d9910f6,image
7ba76475-8c5f-47ad-a01e-3cff28094bd7,2024-08-25 06:23:50,711c7bf5-3b8e-4463-88b4-f873149c4438,text_technical
f57cf586-13b6-4f56-92b8-145b5504e8eb,2024-08-25 07:12:39,148bc0d1-d404-4bec-95dc-6249e7c74429,text_simple_english
d44ef86b-4b29-41a7-a0a1-52af726471d1,2024-08-25 13:26:43,fa027bb1-ac29-478c-86da-0eb88ed255e6,text_simple_english
7a88835e-9cda-4177-acd1-8c532b0b1417,2024-08-25 16:54:16,a6b40a08-9fc1-4820-8e85-54837418f646,multimedia
f57cf586-13b6-4f56-92b8-145b5504e8eb,2024-08-25 20:36:29,4e1d9a74-9ce9-4998-8053-7a370d2a9e94,text_simple_english
a92446e8-3093-4640-9a12-8c7a8be30705,2024-08-25 23:53:09,9c25f076-e557-4f70-a8bb-7fdbf769d3f6,text_simple_english
d44ef86b-4b29-41a7-a0a1-52af726471d1,2024-08-26 02:24:49,d10e7ea1-a139-486f-baa3-791b78785780,audio
d44ef86b-4b29-41a7-a0a1-52af726471d1,2024-08-26 18:42:41,5785202d-e5f8-4634-9113-276b0a12653f,text_simple_english
a92446e8-3093-4640-9a12-8c7a8be30705,2024-08-26 20:27:20,78f8a20d-f67d-421b-ae92-764c91d01dc0,text_simple_english
a92446e8-3093-4640-9a12-8c7a8be30705,2024-08-26 20:35:44,aaeccc82-3a7e-415f-a6b7-eca41b119094,text_simple_english
7ba76475-8c5f-47ad-a01e-3cff28094bd7,2024-08-26 21:39:32,105dbabf-1fb6-4738-af05-61e6ba4c783f,text_technical
a92446e8-3093-4640-9a12-8c7a8be30705,2024-08-26 22:40:40,fd99509e-3971-49b9-91e3-4f0ec9ef0543,multimedia
a92446e8-3093-4640-9a12-8c7a8be30705,2024-08-26 23:58:13,daf5740c-7477-49b6-8f29-b01f391c39d1,text_simple_english
a92446e8-3093-4640-9a12-8c7a8be30705,2024-08-27 11:30:31,07b09f06-154d-463b-880d-fb8d2c694151,image
f57cf586-13b6-4f56-92b8-145b5504e8eb,2024-08-27 13:23:32,07b09f06-154d-463b-880d-fb8d2c694151,text_simple_english
a92446e8-3093-4640-9a12-8c7a8be30705,2024-08-27 14:45:45,62aa60b8-ad2f-45d3-902f-96609dfe401e,text_simple_english
a92446e8-3093-4640-9a12-8c7a8be30705,2024-08-27 15:27:40,6a3bc24f-8123-4291-af76-407a3735415e,image
7ba76475-8c5f-47ad-a01e-3cff28094bd7,2024-08-27 20:31:51,1e0df149-8ed9-44e4-b882-c3f15689d99f,image
d44ef86b-4b29-41a7-a0a1-52af726471d1,2024-08-27 21:38:07,93414baf-5e2c-49cd-a227-9c1e44086d74,text_technical
7a88835e-9cda-4177-acd1-8c532b0b1417,2024-08-28 06:38:18,94b7cb8e-538d-422d-b3b3-061047694dec,text_simple_english
7a88835e-9cda-4177-acd1-8c532b0b1417,2024-08-28 12:00:51,135a3bd5-0a11-4544-bad2-a1361d9910f6,text_technical
7a88835e-9cda-4177-acd1-8c532b0b1417,2024-08-28 15:59:54,e3d7415c-ee2f-4f85-ab7f-4b1e85c4604c,image
7ba76475-8c5f-47ad-a01e-3cff28094bd7,2024-08-29 07:03:50,4e1d9a74-9ce9-4998-8053-7a370d2a9e94,audio
7a88835e-9cda-4177-acd1-8c532b0b1417,2024-08-29 09:24:53,98866c52-7be4-4903-b757-0c5c021935de,image
d44ef86b-4b29-41a7-a0a1-52af726471d1,2024-08-29 16:20:03,a6a304e3-8300-48b9-a5a3-fee3a3d34e11,image
d44ef86b-4b29-41a7-a0a1-52af726471d1,2024-08-30 01:57:01,92b24b75-4846-4e7b-b5bb-136574110fb2,image
a92446e8-3093-4640-9a12-8c7a8be30705,2024-08-30 06:08:45,911adedf-a58c-4f3d-8163-48de3bc832bb,text_simple_english
a92446e8-3093-4640-9a12-8c7a8be30705,2024-08-30 12:45:29,a6b40a08-9fc1-4820-8e85-54837418f646,text_simple_english
7a88835e-9cda-4177-acd1-8c532b0b1417,2024-08-30 12:51:51,454891f2-311b-4994-957f-de967f80570a,image
f57cf586-13b6-4f56-92b8-145b5504e8eb,2024-08-30 14:23:22,e3d7415c-ee2f-4f85-ab7f-4b1e85c4604c,text_simple_english
f57cf586-13b6-4f56-92b8-145b5504e8eb,2024-08-30 14:38:44,4bb2a826-6a4e-49da-a984-899037c49cb4,image
7a88835e-9cda-4177-acd1-8c532b0b1417,2024-08-30 16:03:45,20c8de6d-0075-4cdb-8632-c97fbbbfdd45,text_simple_english
f57cf586-13b6-4f56-92b8-145b5504e8eb,2024-08-31 02:22:10,de207243-de21-4054-9ee8-043e0268c180,text_technical
a92446e8-3093-4640-9a12-8c7a8be30705,2024-08-31 03:52:09,75697f59-189e-4d03-8a5f-ab6d486c4a55,text_simple_english
7a88835e-9cda-4177-acd1-8c532b0b1417,2024-08-31 04:32:11,313aa0cf-3d54-4dc0-83d9-045cc2729143,text_simple_english
d44ef86b-4b29-41a7-a0a1-52af726471d1,2024-08-31 05:45:39,8452d331-6565-4857-b546-6f13e03f5f75,image
a92446e8-3093-4640-9a12-8c7a8be30705,2024-08-31 22:56:31,4e1d9a74-9ce9-4998-8053-7a370d2a9e94,audio
a92446e8-3093-4640-9a12-8c7a8be30705,2024-09-01 00:32:20,0d16c65d-8414-427e-9317-7b5a78537c64,text_technical
7ba76475-8c5f-47ad-a01e-3cff28094bd7,2024-09-01 00:35:14,aaeccc82-3a7e-415f-a6b7-eca41b119094,text_simple_english
a92446e8-3093-4640-9a12-8c7a8be30705,2024-09-01 01:11:40,5e458e0c-35b3-4073-bdfa-54810c12b191,image
f57cf586-13b6-4f56-92b8-145b5504e8eb,2024-09-01 04:36:25,86507205-cf8b-4ad1-9140-c688a10fc513,text_simple_english
7ba76475-8c5f-47ad-a01e-3cff28094bd7,2024-09-01 08:47:56,23004745-eea8-496a-93e1-5ca6a88e3552,image
d44ef86b-4b29-41a7-a0a1-52af726471d1,2024-09-01 14:10:04,91c44e52-8071-4b82-b98d-75faf6a49c75,image
d44ef86b-4b29-41a7-a0a1-52af726471d1,2024-09-01 20:41:03,07b09f06-154d-463b-880d-fb8d2c694151,multimedia
f57cf586-13b6-4f56-92b8-145b5504e8eb,2024-09-02 03:07:53,b8524c33-dc33-4191-9c1a-a5c1cadf0d8a,image
f57cf586-13b6-4f56-92b8-145b5504e8eb,2024-09-02 17:21:12,4084b96e-6100-47b5-b853-adfa25c83a5f,video
7a88835e-9cda-4177-acd1-8c532b0b1417,2024-09-02 17:26:28,9f60136c-1492-4253-822a-90bc3f7f34f3,image
d44ef86b-4b29-41a7-a0a1-52af726471d1,2024-09-02 22:35:03,9bbca0f0-d601-464b-9802-be0aa10d284d,text_literary
a92446e8-3093-4640-9a12-8c7a8be30705,2024-09-03 00:01:39,7b63fcfc-b69d-4113-8eda-3f4f2592e26d,image
7a88835e-9cda-4177-acd1-8c532b0b1417,2024-09-03 11:26:33,ba4d4784-de15-46ff-8af1-3d01430b7d27,text_simple_english
f57cf586-13b6-4f56-92b8-145b5504e8eb,2024-09-03 12:40:59,89be5c3b-1e95-4b94-8590-016aeb186ea7,text_simple_english
7a88835e-9cda-4177-acd1-8c532b0b1417,2024-09-03 18:34:26,a171712a-60e8-48cb-b50b-45997f0d6344,text_technical
7a88835e-9cda-4177-acd1-8c532b0b1417,2024-09-03 22:18:39,539d1d0b-db87-4703-b23e-61b21a27d640,text_technical
7ba76475-8c5f-47ad-a01e-3cff28094bd7,2024-09-04 09:41:55,de37ab03-d027-4918-abd5-a60b78b4930e,text_simple_english
7ba76475-8c5f-47ad-a01e-3cff28094bd7,2024-09-04 20:17:56,9f60136c-1492-4253-822a-90bc3f7f34f3,text_simple_english
a92446e8-3093-4640-9a12-8c7a8be30705,2024-09-05 06:18:04,89be5c3b-1e95-4b94-8590-016aeb186ea7,audio
7a88835e-9cda-4177-acd1-8c532b0b1417,2024-09-05 12:13:48,9bbca0f0-d601-464b-9802-be0aa10d284d,text_simple_english
f57cf586-13b6-4f56-92b8-145b5504e8eb,2024-09-05 21:43:28,07b09f06-154d-463b-880d-fb8d2c694151,text_technical
f57cf586-13b6-4f56-92b8-145b5504e8eb,2024-09-06 11:56:19,5785202d-e5f8-4634-9113-276b0a12653f,image
f57cf586-13b6-4f56-92b8-145b5504e8eb,2024-09-06 19:11:25,1b8e5731-1322-4b57-83c5-0adb64204cd9,multimedia
7ba76475-8c5f-47ad-a01e-3cff28094bd7,2024-09-06 20:13:13,62aa60b8-ad2f-45d3-902f-96609dfe401e,text_simple_english
a92446e8-3093-4640-9a12-8c7a8be30705,2024-09-06 20:25:32,4e1d9a74-9ce9-4998-8053-7a370d2a9e94,image
7ba76475-8c5f-47ad-a01e-3cff28094bd7,2024-09-06 20:45:44,a171712a-60e8-48cb-b50b-45997f0d6344,text_simple_english
f57cf586-13b6-4f56-92b8-145b5504e8eb,2024-09-07 05:20:59,de207243-de21-4054-9ee8-043e0268c180,text_simple_english
7ba76475-8c5f-47ad-a01e-3cff28094bd7,2024-09-07 11:12:31,539d1d0b-db87-4703-b23e-61b21a27d640,text_literary
f57cf586-13b6-4f56-92b8-145b5504e8eb,2024-09-07 16:24:17,aaeccc82-3a7e-415f-a6b7-eca41b119094,multimedia
7a88835e-9cda-4177-acd1-8c532b0b1417,2024-09-07 20:45:33,de207243-de21-4054-9ee8-043e0268c180,image
7a88835e-9cda-4177-acd1-8c532b0b1417,2024-09-07 22:19:34,78f8a20d-f67d-421b-ae92-764c91d01dc0,image
f57cf586-13b6-4f56-92b8-145b5504e8eb,2024-09-07 22:55:30,d10e7ea1-a139-486f-baa3-791b78785780,image
7ba76475-8c5f-47ad-a01e-3cff28094bd7,2024-09-08 03:02:47,55b491c4-e27c-4e6f-ba2c-f7f929d5ab95,video
d44ef86b-4b29-41a7-a0a1-52af726471d1,2024-09-08 09:08:21,b6327c62-d1ac-4b42-902d-2ba58c7b0534,text_simple_english
a92446e8-3093-4640-9a12-8c7a8be30705,2024-09-08 10:43:07,fcd9b849-696e-4e9c-b527-6997c3bbee24,image
a92446e8-3093-4640-9a12-8c7a8be30705,2024-09-08 11:27:33,6a937654-5612-4abd-8f33-b3864ebfdbe6,text_simple_english
f57cf586-13b6-4f56-92b8-145b5504e8eb,2024-09-08 15:18:09,fa027bb1-ac29-478c-86da-0eb88ed255e6,text_simple_english
a92446e8-3093-4640-9a12-8c7a8be30705,2024-09-09 00:37:08,a6a304e3-8300-48b9-a5a3-fee3a3d34e11,text_simple_english
d44ef86b-4b29-41a7-a0a1-52af726471d1,2024-09-09 07:11:24,b65b57c3-2d26-4188-bb23-1d18be343ef0,image
f57cf586-13b6-4f56-92b8-145b5504e8eb,2024-09-09 10:15:02,9bbca0f0-d601-464b-9802-be0aa10d284d,text_simple_english
7a88835e-9cda-4177-acd1-8c532b0b1417,2024-09-09 11:16:29,daf5740c-7477-49b6-8f29-b01f391c39d1,text_technical
7a88835e-9cda-4177-acd1-8c532b0b1417,2024-09-09 18:45:24,d10e7ea1-a139-486f-baa3-791b78785780,text_simple_english
d44ef86b-4b29-41a7-a0a1-52af726471d1,2024-09-10 00:54:05,a6a304e3-8300-48b9-a5a3-fee3a3d34e11,video
d44ef86b-4b29-41a7-a0a1-52af726471d1,2024-09-10 12:05:06,711c7bf5-3b8e-4463-88b4-f873149c4438,multimedia
d44ef86b-4b29-41a7-a0a1-52af726471d1,2024-09-10 13:04:54,7ab38759-d965-470c-9f40-75d3f70ffa4c,text_simple_english
7a88835e-9cda-4177-acd1-8c532b0b1417,2024-09-10 14:14:48,6a937654-5612-4abd-8f33-b3864ebfdbe6,text_simple_english
d44ef86b-4b29-41a7-a0a1-52af726471d1,2024-09-11 05:13:17,7ab38759-d965-470c-9f40-75d3f70ffa4c,text_technical
7ba76475-8c5f-47ad-a01e-3cff28094bd7,2024-09-11 06:38:22,aaeccc82-3a7e-415f-a6b7-eca41b119094,image
a92446e8-3093-4640-9a12-8c7a8be30705,2024-09-11 07:29:56,a6a304e3-8300-48b9-a5a3-fee3a3d34e11,image
f57cf586-13b6-4f56-92b8-145b5504e8eb,2024-09-11 09:03:02,7ab38759-d965-470c-9f40-75d3f70ffa4c,text_technical
d44ef86b-4b29-41a7-a0a1-52af726471d1,2024-09-11 10:35:12,4084b96e-6100-47b5-b853-adfa25c83a5f,text_simple_english
d44ef86b-4b29-41a7-a0a1-52af726471d1,2024-09-11 15:56:25,0e0c2a8a-c0e1-42c5-b603-d2973496a2fe,image
a92446e8-3093-4640-9a12-8c7a8be30705,2024-09-11 16:14:57,70a87b6f-b260-4624-a166-1cd71c34379f,text_simple_english
a92446e8-3093-4640-9a12-8c7a8be30705,2024-09-11 16:28:26,454891f2-311b-4994-957f-de967f80570a,image
a92446e8-3093-4640-9a12-8c7a8be30705,2024-09-11 19:14:31,d44fd35f-b73c-43e1-b951-1f6e006af337,image
f57cf586-13b6-4f56-92b8-145b5504e8eb,2024-09-11 19:45:37,d44fd35f-b73c-43e1-b951-1f6e006af337,text_technical
d44ef86b-4b29-41a7-a0a1-52af726471d1,2024-09-12 10:38:06,b65b57c3-2d26-4188-bb23-1d18be343ef0,text_simple_english
7ba76475-8c5f-47ad-a01e-3cff28094bd7,2024-09-12 14:33:39,bea6970b-7eb6-40c0-b1cb-e11e5582e7c6,multimedia
7a88835e-9cda-4177-acd1-8c532b0b1417,2024-09-12 16:42:26,6b54a19b-ac2f-4f63-b889-67a8089755e0,image
7a88835e-9cda-4177-acd1-8c532b0b1417,2024-09-12 19:03:06,1c8b62e3-4cfc-42e7-9a2f-d2b351410639,text_literary
a92446e8-3093-4640-9a12-8c7a8be30705,2024-09-12 22:27:26,b65b57c3-2d26-4188-bb23-1d18be343ef0,text_simple_english
7a88835e-9cda-4177-acd1-8c532b0b1417,2024-09-13 00:41:15,a6b40a08-9fc1-4820-8e85-54837418f646,text_simple_english
d44ef86b-4b29-41a7-a0a1-52af726471d1,2024-09-13 01:52:17,be91e581-379b-4c0a-84b4-7c72cf0f89eb,multimedia
d44ef86b-4b29-41a7-a0a1-52af726471d1,2024-09-13 02:05:56,93414baf-5e2c-49cd-a227-9c1e44086d74,image
7ba76475-8c5f-47ad-a01e-3cff28094bd7,2024-09-13 04:58:45,d9e7b1b0-7018-4a63-b403-b107749cc2d1,image
f57cf586-13b6-4f56-92b8-145b5504e8eb,2024-09-13 16:52:36,90648110-4701-4fb4-b26e-686319216179,text_literary
7ba76475-8c5f-47ad-a01e-3cff28094bd7,2024-09-13 20:43:33,313aa0cf-3d54-4dc0-83d9-045cc2729143,text_simple_english
7ba76475-8c5f-47ad-a01e-3cff28094bd7,2024-09-13 21:42:58,9046d9c1-8a29-43f5-9899-e37856a156e2,image
d44ef86b-4b29-41a7-a0a1-52af726471d1,2024-09-14 01:17:35,49c2676f-5589-486f-aaf7-25bf17c25ab4,image
7a88835e-9cda-4177-acd1-8c532b0b1417,2024-09-14 01:28:10,d10e7ea1-a139-486f-baa3-791b78785780,text_literary
a92446e8-3093-4640-9a12-8c7a8be30705,2024-09-14 04:41:52,454891f2-311b-4994-957f-de967f80570a,multimedia
f57cf586-13b6-4f56-92b8-145b5504e8eb,2024-09-14 10:11:15,1e0df149-8ed9-44e4-b882-c3f15689d99f,image
7ba76475-8c5f-47ad-a01e-3cff28094bd7,2024-09-14 15:04:47,253ae91a-bf49-47f1-8fda-9dcc3e6ac09c,text_technical
7a88835e-9cda-4177-acd1-8c532b0b1417,2024-09-15 00:52:26,819807c7-6903-436f-ab3d-9571c8bd08fb,text_simple_english
a92446e8-3093-4640-9a12-8c7a8be30705,2024-09-15 00:55:26,6b54a19b-ac2f-4f63-b889-67a8089755e0,multimedia
f57cf586-13b6-4f56-92b8-145b5504e8eb,2024-09-15 03:03:07,819807c7-6903-436f-ab3d-9571c8bd08fb,image
7ba76475-8c5f-47ad-a01e-3cff28094bd7,2024-09-15 04:08:47,911adedf-a58c-4f3d-8163-48de3bc832bb,text_simple_english
7a88835e-9cda-4177-acd1-8c532b0b1417,2024-09-15 07:07:04,b8524c33-dc33-4191-9c1a-a5c1cadf0d8a,text_technical
d44ef86b-4b29-41a7-a0a1-52af726471d1,2024-09-15 15:13:37,feadf47d-694c-416b-ba59-4a3e79c0b028,video
a92446e8-3093-4640-9a12-8c7a8be30705,2024-09-15 17:20:16,ba4d4784-de15-46ff-8af1-3d01430b7d27,multimedia
d44ef86b-4b29-41a7-a0a1-52af726471d1,2024-09-15 18:29:35,dc7c511e-c472-44dd-902c-923998d17dc2,text_simple_english
a92446e8-3093-4640-9a12-8c7a8be30705,2024-09-15 20:39:28,c0173762-e453-4f72-bc5a-11fdcd6742d3,image
7ba76475-8c5f-47ad-a01e-3cff28094bd7,2024-09-16 00:28:42,23004745-eea8-496a-93e1-5ca6a88e3552,text_technical
f57cf586-13b6-4f56-92b8-145b5504e8eb,2024-09-16 06:46:29,d6c9ee24-e09d-4630-b8ab-7d7904ad8f38,audio
7ba76475-8c5f-47ad-a01e-3cff28094bd7,2024-09-16 08:34:11,75697f59-189e-4d03-8a5f-ab6d486c4a55,text_simple_english
f57cf586-13b6-4f56-92b8-145b5504e8eb,2024-09-16 17:15:54,9f60136c-1492-4253-822a-90bc3f7f34f3,text_simple_english
f57cf586-13b6-4f56-92b8-145b5504e8eb,2024-09-17 03:51:00,70a87b6f-b260-4624-a166-1cd71c34379f,text_simple_english
f57cf586-13b6-4f56-92b8-145b5504e8eb,2024-09-17 04:21:43,7be4afa3-23ba-4337-9ac9-0d502988c2d8,text_simple_english
7ba76475-8c5f-47ad-a01e-3cff28094bd7,2024-09-17 07:38:02,54d039fe-63a7-47b4-946c-3e96afe7d3a5,image
d44ef86b-4b29-41a7-a0a1-52af726471d1,2024-09-17 21:28:31,d845b7cc-447f-4c6c-8470-8c04cb63216c,text_simple_english
d44ef86b-4b29-41a7-a0a1-52af726471d1,2024-09-17 22:08:01,253ae91a-bf49-47f1-8fda-9dcc3e6ac09c,text_simple_english
7ba76475-8c5f-47ad-a01e-3cff28094bd7,2024-09-18 03:05:12,86507205-cf8b-4ad1-9140-c688a10fc513,image
d44ef86b-4b29-41a7-a0a1-52af726471d1,2024-09-18 10:22:07,91c44e52-8071-4b82-b98d-75faf6a49c75,multimedia
f57cf586-13b6-4f56-92b8-145b5504e8eb,2024-09-18 15:01:09,366c5cd1-0864-4dda-ace9-bbcd04e6ef82,text_simple_english
a92446e8-3093-4640-9a12-8c7a8be30705,2024-09-19 08:23:57,7be4afa3-23ba-4337-9ac9-0d502988c2d8,text_technical
7a88835e-9cda-4177-acd1-8c532b0b1417,2024-09-19 14:45:30,105dbabf-1fb6-4738-af05-61e6ba4c783f,text_simple_english
7ba76475-8c5f-47ad-a01e-3cff28094bd7,2024-09-20 03:08:08,ec88cde0-ea5c-4dd6-96b8-b61ac3ca1842,text_simple_english
d44ef86b-4b29-41a7-a0a1-52af726471d1,2024-09-20 08:09:24,de207243-de21-4054-9ee8-043e0268c180,image
f57cf586-13b6-4f56-92b8-145b5504e8eb,2024-09-20 08:31:05,c079aaa3-ee94-4ef0-bdfd-998f2a1fe30b,text_technical
d44ef86b-4b29-41a7-a0a1-52af726471d1,2024-09-20 08:57:58,a003f6c2-8ef5-471b-9807-3e60bd4e6453,text_simple_english
7a88835e-9cda-4177-acd1-8c532b0b1417,2024-09-20 11:26:22,91c44e52-8071-4b82-b98d-75faf6a49c75,text_simple_english
7ba76475-8c5f-47ad-a01e-3cff28094bd7,2024-09-20 12:49:49,d44fd35f-b73c-43e1-b951-1f6e006af337,text_simple_english
f57cf586-13b6-4f56-92b8-145b5504e8eb,2024-09-20 17:05:06,b65b57c3-2d26-4188-bb23-1d18be343ef0,image
a92446e8-3093-4640-9a12-8c7a8be30705,2024-09-20 17:36:40,9bbca0f0-d601-464b-9802-be0aa10d284d,image
a92446e8-3093-4640-9a12-8c7a8be30705,2024-09-20 21:41:06,148bc0d1-d404-4bec-95dc-6249e7c74429,text_simple_english
7ba76475-8c5f-47ad-a01e-3cff28094bd7,2024-09-21 00:21:49,daf5740c-7477-49b6-8f29-b01f391c39d1,multimedia
f57cf586-13b6-4f56-92b8-145b5504e8eb,2024-09-21 05:23:44,454891f2-311b-4994-957f-de967f80570a,multimedia
7ba76475-8c5f-47ad-a01e-3cff28094bd7,2024-09-21 05:57:40,313aa0cf-3d54-4dc0-83d9-045cc2729143,multimedia
d44ef86b-4b29-41a7-a0a1-52af726471d1,2024-09-21 06:18:47,a6a304e3-8300-48b9-a5a3-fee3a3d34e11,text_technical
7ba76475-8c5f-47ad-a01e-3cff28094bd7,2024-09-21 11:23:13,a003f6c2-8ef5-471b-9807-3e60bd4e6453,image
7a88835e-9cda-4177-acd1-8c532b0b1417,2024-09-21 16:33:18,23004745-eea8-496a-93e1-5ca6a88e3552,text_simple_english
7a88835e-9cda-4177-acd1-8c532b0b1417,2024-09-21 22:58:35,4bb2a826-6a4e-49da-a984-899037c49cb4,image
7a88835e-9cda-4177-acd1-8c532b0b1417,2024-09-22 05:02:57,0e0c2a8a-c0e1-42c5-b603-d2973496a2fe,image
f57cf586-13b6-4f56-92b8-145b5504e8eb,2024-09-22 05:50:39,62aa60b8-ad2f-45d3-902f-96609dfe401e,video
7a88835e-9cda-4177-acd1-8c532b0b1417,2024-09-22 08:11:47,7b63fcfc-b69d-4113-8eda-3f4f2592e26d,multimedia
7a88835e-9cda-4177-acd1-8c532b0b1417,2024-09-22 17:06:37,07b09f06-154d-463b-880d-fb8d2c694151,image
a92446e8-3093-4640-9a12-8c7a8be30705,2024-09-22 17:49:33,e3d7415c-ee2f-4f85-ab7f-4b1e85c4604c,text_simple_english
7ba76475-8c5f-47ad-a01e-3cff28094bd7,2024-09-23 07:25:26,94b7cb8e-538d-422d-b3b3-061047694dec,image
7ba76475-8c5f-47ad-a01e-3cff28094bd7,2024-09-23 12:18:00,4084b96e-6100-47b5-b853-adfa25c83a5f,image
d44ef86b-4b29-41a7-a0a1-52af726471d1,2024-09-23 18:46:17,df5ec830-9f55-4330-a61e-fe5851534ad0,text_simple_english
7ba76475-8c5f-47ad-a01e-3cff28094bd7,2024-09-23 20:48:29,911adedf-a58c-4f3d-8163-48de3bc832bb,multimedia
a92446e8-3093-4640-9a12-8c7a8be30705,2024-09-23 21:06:35,313aa0cf-3d54-4dc0-83d9-045cc2729143,text_technical
7ba76475-8c5f-47ad-a01e-3cff28094bd7,2024-09-24 05:55:58,aaeccc82-3a7e-415f-a6b7-eca41b119094,image
7a88835e-9cda-4177-acd1-8c532b0b1417,2024-09-24 07:08:11,90648110-4701-4fb4-b26e-686319216179,image
f57cf586-13b6-4f56-92b8-145b5504e8eb,2024-09-24 14:34:05,62aa60b8-ad2f-45d3-902f-96609dfe401e,multimedia
f57cf586-13b6-4f56-92b8-145b5504e8eb,2024-09-24 15:54:51,911adedf-a58c-4f3d-8163-48de3bc832bb,text_simple_english
a92446e8-3093-4640-9a12-8c7a8be30705,2024-09-24 18:20:09,148bc0d1-d404-4bec-95dc-6249e7c74429,image
a92446e8-3093-4640-9a12-8c7a8be30705,2024-09-24 19:31:55,4084b96e-6100-47b5-b853-adfa25c83a5f,multimedia
7a88835e-9cda-4177-acd1-8c532b0b1417,2024-09-24 20:45:07,1b8e5731-1322-4b57-83c5-0adb64204cd9,text_simple_english
f57cf586-13b6-4f56-92b8-145b5504e8eb,2024-09-24 23:44:33,0c414102-78fe-4c84-8de7-6c8ae6e7f5bf,text_simple_english
7ba76475-8c5f-47ad-a01e-3cff28094bd7,2024-09-25 00:55:12,d10e7ea1-a139-486f-baa3-791b78785780,text_simple_english
7a88835e-9cda-4177-acd1-8c532b0b1417,2024-09-25 12:39:11,7205a5a6-0133-494b-89ce-d03a2d9865e1,text_simple_english
d44ef86b-4b29-41a7-a0a1-52af726471d1,2024-09-25 15:38:35,105dbabf-1fb6-4738-af05-61e6ba4c783f,image
7ba76475-8c5f-47ad-a01e-3cff28094bd7,2024-09-25 22:18:27,a6a304e3-8300-48b9-a5a3-fee3a3d34e11,image
a92446e8-3093-4640-9a12-8c7a8be30705,2024-09-26 00:56:24,7be4afa3-23ba-4337-9ac9-0d502988c2d8,text_technical
f57cf586-13b6-4f56-92b8-145b5504e8eb,2024-09-26 03:09:47,98f45251-5e38-44b3-a03b-43b220f00ec9,image
f57cf586-13b6-4f56-92b8-145b5504e8eb,2024-09-26 10:12:53,bea6970b-7eb6-40c0-b1cb-e11e5582e7c6,image
7a88835e-9cda-4177-acd1-8c532b0b1417,2024-09-26 15:57:23,90648110-4701-4fb4-b26e-686319216179,text_literary
d44ef86b-4b29-41a7-a0a1-52af726471d1,2024-09-26 22:04:30,b8524c33-dc33-4191-9c1a-a5c1cadf0d8a,text_simple_english
7a88835e-9cda-4177-acd1-8c532b0b1417,2024-09-27 09:55:19,9046d9c1-8a29-43f5-9899-e37856a156e2,multimedia
7ba76475-8c5f-47ad-a01e-3cff28094bd7,2024-09-27 10:14:22,d9e7b1b0-7018-4a63-b403-b107749cc2d1,multimedia
7a88835e-9cda-4177-acd1-8c532b0b1417,2024-09-27 14:27:18,1881bdfe-b9a9-47e5-8a4b-d5e7f4c66807,text_simple_english
7ba76475-8c5f-47ad-a01e-3cff28094bd7,2024-09-28 00:03:03,55b491c4-e27c-4e6f-ba2c-f7f929d5ab95,image
7a88835e-9cda-4177-acd1-8c532b0b1417,2024-09-28 00:24:17,a171712a-60e8-48cb-b50b-45997f0d6344,text_simple_english
d44ef86b-4b29-41a7-a0a1-52af726471d1,2024-09-28 00:38:10,9f60136c-1492-4253-822a-90bc3f7f34f3,text_literary
7a88835e-9cda-4177-acd1-8c532b0b1417,2024-09-28 04:40:08,711c7bf5-3b8e-4463-88b4-f873149c4438,image
d44ef86b-4b29-41a7-a0a1-52af726471d1,2024-09-28 09:16:38,62aa60b8-ad2f-45d3-902f-96609dfe401e,text_simple_english
f57cf586-13b6-4f56-92b8-145b5504e8eb,2024-09-28 10:32:04,ba4d4784-de15-46ff-8af1-3d01430b7d27,image
f57cf586-13b6-4f56-92b8-145b5504e8eb,2024-09-28 12:43:31,539d1d0b-db87-4703-b23e-61b21a27d640,image
a92446e8-3093-4640-9a12-8c7a8be30705,2024-09-28 14:25:46,be91e581-379b-4c0a-84b4-7c72cf0f89eb,image
d44ef86b-4b29-41a7-a0a1-52af726471d1,2024-09-28 16:16:49,feadf47d-694c-416b-ba59-4a3e79c0b028,multimedia
7ba76475-8c5f-47ad-a01e-3cff28094bd7,2024-09-28 17:37:26,0cf4dc98-1b69-4339-a978-92cd79a4b331,text_simple_english
7a88835e-9cda-4177-acd1-8c532b0b1417,2024-09-28 21:12:04,6b54a19b-ac2f-4f63-b889-67a8089755e0,multimedia
7a88835e-9cda-4177-acd1-8c532b0b1417,2024-09-29 11:08:14,6b54a19b-ac2f-4f63-b889-67a8089755e0,text_simple_english
7ba76475-8c5f-47ad-a01e-3cff28094bd7,2024-09-29 19:21:00,7279337e-d37f-4fa3-8a49-998969552403,text_technical
f57cf586-13b6-4f56-92b8-145b5504e8eb,2024-09-30 05:38:19,135a3bd5-0a11-4544-bad2-a1361d9910f6,image
f57cf586-13b6-4f56-92b8-145b5504e8eb,2024-09-30 08:11:23,890be5d6-bbd6-48e1-b186-97ba2a721b10,text_simple_english
7a88835e-9cda-4177-acd1-8c532b0b1417,2024-10-01 08:55:33,9046d9c1-8a29-43f5-9899-e37856a156e2,text_technical
a92446e8-3093-4640-9a12-8c7a8be30705,2024-10-01 09:42:55,24c8b96b-09a6-4373-8a51-324c7a1cc229,text_technical
f57cf586-13b6-4f56-92b8-145b5504e8eb,2024-10-01 10:21:54,711c7bf5-3b8e-4463-88b4-f873149c4438,image
f57cf586-13b6-4f56-92b8-145b5504e8eb,2024-10-01 12:05:40,9c1c373c-a653-456a-9b58-dd3013af8945,text_simple_english
a92446e8-3093-4640-9a12-8c7a8be30705,2024-10-02 01:55:22,711c7bf5-3b8e-4463-88b4-f873149c4438,text_simple_english
f57cf586-13b6-4f56-92b8-145b5504e8eb,2024-10-02 03:17:25,0c414102-78fe-4c84-8de7-6c8ae6e7f5bf,text_technical
d44ef86b-4b29-41a7-a0a1-52af726471d1,2024-10-02 09:20:23,366c5cd1-0864-4dda-ace9-bbcd04e6ef82,text_literary
d44ef86b-4b29-41a7-a0a1-52af726471d1,2024-10-02 09:20:49,4bb2a826-6a4e-49da-a984-899037c49cb4,text_simple_english
f57cf586-13b6-4f56-92b8-145b5504e8eb,2024-10-02 13:00:32,de207243-de21-4054-9ee8-043e0268c180,multimedia
a92446e8-3093-4640-9a12-8c7a8be30705,2024-10-02 16:34:53,daf5740c-7477-49b6-8f29-b01f391c39d1,multimedia
7ba76475-8c5f-47ad-a01e-3cff28094bd7,2024-10-03 00:07:51,4e1d9a74-9ce9-4998-8053-7a370d2a9e94,multimedia
7a88835e-9cda-4177-acd1-8c532b0b1417,2024-10-03 15:47:56,4bb2a826-6a4e-49da-a984-899037c49cb4,text_simple_english
d44ef86b-4b29-41a7-a0a1-52af726471d1,2024-10-03 19:42:17,70a87b6f-b260-4624-a166-1cd71c34379f,text_simple_english
7ba76475-8c5f-47ad-a01e-3cff28094bd7,2024-10-03 22:17:49,1881bdfe-b9a9-47e5-8a4b-d5e7f4c66807,image
d44ef86b-4b29-41a7-a0a1-52af726471d1,2024-10-04 06:48:02,15a89281-3765-46e0-a159-9210f2e3b311,image
f57cf586-13b6-4f56-92b8-145b5504e8eb,2024-10-04 11:19:37,510edb1b-07cc-4e65-b324-d1d2b810feb8,text_simple_english
a92446e8-3093-4640-9a12-8c7a8be30705,2024-10-04 22:54:13,70a87b6f-b260-4624-a166-1cd71c34379f,image
f57cf586-13b6-4f56-92b8-145b5504e8eb,2024-10-05 07:13:43,484fe420-fb64-47f2-ba12-0ee190241c92,multimedia
f57cf586-13b6-4f56-92b8-145b5504e8eb,2024-10-05 09:53:53,6a937654-5612-4abd-8f33-b3864ebfdbe6,multimedia
f57cf586-13b6-4f56-92b8-145b5504e8eb,2024-10-05 16:34:20,fd99509e-3971-49b9-91e3-4f0ec9ef0543,image
7ba76475-8c5f-47ad-a01e-3cff28094bd7,2024-10-05 22:01:51,f353e2d8-7375-4d01-a4a4-0fd8dc81ec92,image
f57cf586-13b6-4f56-92b8-145b5504e8eb,2024-10-06 00:01:33,86507205-cf8b-4ad1-9140-c688a10fc513,multimedia
a92446e8-3093-4640-9a12-8c7a8be30705,2024-10-06 02:05:33,366c5cd1-0864-4dda-ace9-bbcd04e6ef82,image
d44ef86b-4b29-41a7-a0a1-52af726471d1,2024-10-06 02:22:09,bf8d30d3-5735-4499-b6ce-078543280ebb,text_simple_english
d44ef86b-4b29-41a7-a0a1-52af726471d1,2024-10-06 05:33:47,484fe420-fb64-47f2-ba12-0ee190241c92,image
a92446e8-3093-4640-9a12-8c7a8be30705,2024-10-06 12:18:01,135a3bd5-0a11-4544-bad2-a1361d9910f6,image
f57cf586-13b6-4f56-92b8-145b5504e8eb,2024-10-06 12:54:49,ba4d4784-de15-46ff-8af1-3d01430b7d27,text_simple_english
f57cf586-13b6-4f56-92b8-145b5504e8eb,2024-10-06 18:04:07,9c25f076-e557-4f70-a8bb-7fdbf769d3f6,image
d44ef86b-4b29-41a7-a0a1-52af726471d1,2024-10-06 18:29:00,6a3bc24f-8123-4291-af76-407a3735415e,text_simple_english
f57cf586-13b6-4f56-92b8-145b5504e8eb,2024-10-07 13:39:54,9046d9c1-8a29-43f5-9899-e37856a156e2,text_simple_english
a92446e8-3093-4640-9a12-8c7a8be30705,2024-10-07 15:49:50,313aa0cf-3d54-4dc0-83d9-045cc2729143,video
7ba76475-8c5f-47ad-a01e-3cff28094bd7,2024-10-07 18:08:10,ba4d4784-de15-46ff-8af1-3d01430b7d27,image
d44ef86b-4b29-41a7-a0a1-52af726471d1,2024-10-07 18:46:34,fd99509e-3971-49b9-91e3-4f0ec9ef0543,text_simple_english
7ba76475-8c5f-47ad-a01e-3cff28094bd7,2024-10-07 21:51:20,78f8a20d-f67d-421b-ae92-764c91d01dc0,multimedia
f57cf586-13b6-4f56-92b8-145b5504e8eb,2024-10-07 23:01:36,70a87b6f-b260-4624-a166-1cd71c34379f,text_simple_english
7a88835e-9cda-4177-acd1-8c532b0b1417,2024-10-08 07:22:39,a6b40a08-9fc1-4820-8e85-54837418f646,text_simple_english
a92446e8-3093-4640-9a12-8c7a8be30705,2024-10-08 13:50:49,bea6970b-7eb6-40c0-b1cb-e11e5582e7c6,multimedia
a92446e8-3093-4640-9a12-8c7a8be30705,2024-10-09 06:47:01,62aa60b8-ad2f-45d3-902f-96609dfe401e,multimedia
f57cf586-13b6-4f56-92b8-145b5504e8eb,2024-10-09 09:37:46,de207243-de21-4054-9ee8-043e0268c180,image
a92446e8-3093-4640-9a12-8c7a8be30705,2024-10-09 12:45:54,92b24b75-4846-4e7b-b5bb-136574110fb2,text_technical
d44ef86b-4b29-41a7-a0a1-52af726471d1,2024-10-09 12:56:23,c079aaa3-ee94-4ef0-bdfd-998f2a1fe30b,image
f57cf586-13b6-4f56-92b8-145b5504e8eb,2024-10-10 07:02:38,b8524c33-dc33-4191-9c1a-a5c1cadf0d8a,multimedia
7ba76475-8c5f-47ad-a01e-3cff28094bd7,2024-10-10 10:53:00,d44fd35f-b73c-43e1-b951-1f6e006af337,text_simple_english
7ba76475-8c5f-47ad-a01e-3cff28094bd7,2024-10-10 14:16:32,0d16c65d-8414-427e-9317-7b5a78537c64,image
d44ef86b-4b29-41a7-a0a1-52af726471d1,2024-10-10 17:59:22,b65b57c3-2d26-4188-bb23-1d18be343ef0,text_technical
d44ef86b-4b29-41a7-a0a1-52af726471d1,2024-10-11 01:13:39,b8524c33-dc33-4191-9c1a-a5c1cadf0d8a,multimedia
7a88835e-9cda-4177-acd1-8c532b0b1417,2024-10-11 01:13:50,819807c7-6903-436f-ab3d-9571c8bd08fb,image
d44ef86b-4b29-41a7-a0a1-52af726471d1,2024-10-11 10:11:22,ba4d4784-de15-46ff-8af1-3d01430b7d27,image
d44ef86b-4b29-41a7-a0a1-52af726471d1,2024-10-11 12:39:18,a6b40a08-9fc1-4820-8e85-54837418f646,text_simple_english
7a88835e-9cda-4177-acd1-8c532b0b1417,2024-10-12 00:02:34,20c8de6d-0075-4cdb-8632-c97fbbbfdd45,text_simple_english
7ba76475-8c5f-47ad-a01e-3cff28094bd7,2024-10-12 00:40:14,fa027bb1-ac29-478c-86da-0eb88ed255e6,image
7a88835e-9cda-4177-acd1-8c532b0b1417,2024-10-12 03:45:20,9bbca0f0-d601-464b-9802-be0aa10d284d,text_simple_english
7a88835e-9cda-4177-acd1-8c532b0b1417,2024-10-12 04:15:19,c079aaa3-ee94-4ef0-bdfd-998f2a1fe30b,image
a92446e8-3093-4640-9a12-8c7a8be30705,2024-10-12 04:48:15,ec88cde0-ea5c-4dd6-96b8-b61ac3ca1842,text_simple_english
f57cf586-13b6-4f56-92b8-145b5504e8eb,2024-10-12 15:12:16,1b8e5731-1322-4b57-83c5-0adb64204cd9,text_literary
f57cf586-13b6-4f56-92b8-145b5504e8eb,2024-10-13 05:13:56,94b7cb8e-538d-422d-b3b3-061047694dec,image
f57cf586-13b6-4f56-92b8-145b5504e8eb,2024-10-13 09:02:56,49c2676f-5589-486f-aaf7-25bf17c25ab4,text_technical
7a88835e-9cda-4177-acd1-8c532b0b1417,2024-10-13 17:35:49,244668f6-2087-44eb-97a9-29c466b52deb,image
7a88835e-9cda-4177-acd1-8c532b0b1417,2024-10-14 00:36:11,7b63fcfc-b69d-4113-8eda-3f4f2592e26d,multimedia
7a88835e-9cda-4177-acd1-8c532b0b1417,2024-10-14 03:59:25,24c8b96b-09a6-4373-8a51-324c7a1cc229,image
a92446e8-3093-4640-9a12-8c7a8be30705,2024-10-14 04:27:03,1881bdfe-b9a9-47e5-8a4b-d5e7f4c66807,multimedia
7a88835e-9cda-4177-acd1-8c532b0b1417,2024-10-14 07:21:44,0d16c65d-8414-427e-9317-7b5a78537c64,text_simple_english
d44ef86b-4b29-41a7-a0a1-52af726471d1,2024-10-14 11:38:55,9f60136c-1492-4253-822a-90bc3f7f34f3,text_simple_english
7ba76475-8c5f-47ad-a01e-3cff28094bd7,2024-10-14 12:05:34,90648110-4701-4fb4-b26e-686319216179,multimedia
d44ef86b-4b29-41a7-a0a1-52af726471d1,2024-10-14 15:55:07,7279337e-d37f-4fa3-8a49-998969552403,text_simple_english
7ba76475-8c5f-47ad-a01e-3cff28094bd7,2024-10-15 10:52:07,819807c7-6903-436f-ab3d-9571c8bd08fb,text_simple_english
f57cf586-13b6-4f56-92b8-145b5504e8eb,2024-10-15 17:33:53,890be5d6-bbd6-48e1-b186-97ba2a721b10,image
f57cf586-13b6-4f56-92b8-145b5504e8eb,2024-10-16 01:23:38,daf5740c-7477-49b6-8f29-b01f391c39d1,image
7ba76475-8c5f-47ad-a01e-3cff28094bd7,2024-10-16 04:30:52,819807c7-6903-436f-ab3d-9571c8bd08fb,multimedia
f57cf586-13b6-4f56-92b8-145b5504e8eb,2024-10-16 05:22:47,539d1d0b-db87-4703-b23e-61b21a27d640,image
7a88835e-9cda-4177-acd1-8c532b0b1417,2024-10-16 07:29:28,0c414102-78fe-4c84-8de7-6c8ae6e7f5bf,image
f57cf586-13b6-4f56-92b8-145b5504e8eb,2024-10-16 08:59:58,49c2676f-5589-486f-aaf7-25bf17c25ab4,text_technical
a92446e8-3093-4640-9a12-8c7a8be30705,2024-10-16 16:38:44,7be4afa3-23ba-4337-9ac9-0d502988c2d8,text_simple_english
f57cf586-13b6-4f56-92b8-145b5504e8eb,2024-10-17 03:41:48,4084b96e-6100-47b5-b853-adfa25c83a5f,image
d44ef86b-4b29-41a7-a0a1-52af726471d1,2024-10-17 04:07:39,711c7bf5-3b8e-4463-88b4-f873149c4438,image
7ba76475-8c5f-47ad-a01e-3cff28094bd7,2024-10-17 09:47:23,de37ab03-d027-4918-abd5-a60b78b4930e,multimedia
7ba76475-8c5f-47ad-a01e-3cff28094bd7,2024-10-17 11:33:01,253ae91a-bf49-47f1-8fda-9dcc3e6ac09c,multimedia
7ba76475-8c5f-47ad-a01e-3cff28094bd7,2024-10-17 23:15:59,a6b40a08-9fc1-4820-8e85-54837418f646,text_simple_english
f57cf586-13b6-4f56-92b8-145b5504e8eb,2024-10-18 17:46:08,d10e7ea1-a139-486f-baa3-791b78785780,text_simple_english
f57cf586-13b6-4f56-92b8-145b5504e8eb,2024-10-18 19:03:20,7b63fcfc-b69d-4113-8eda-3f4f2592e26d,text_simple_english
a92446e8-3093-4640-9a12-8c7a8be30705,2024-10-18 20:29:14,c079aaa3-ee94-4ef0-bdfd-998f2a1fe30b,text_simple_english
a92446e8-3093-4640-9a12-8c7a8be30705,2024-10-19 13:03:54,bea6970b-7eb6-40c0-b1cb-e11e5582e7c6,text_simple_english
7a88835e-9cda-4177-acd1-8c532b0b1417,2024-10-19 13:23:36,23004745-eea8-496a-93e1-5ca6a88e3552,video
7ba76475-8c5f-47ad-a01e-3cff28094bd7,2024-10-19 13:28:09,5a099806-40de-46d1-aea4-8bea0cd250eb,text_technical
f57cf586-13b6-4f56-92b8-145b5504e8eb,2024-10-19 13:36:55,07b09f06-154d-463b-880d-fb8d2c694151,text_simple_english
7ba76475-8c5f-47ad-a01e-3cff28094bd7,2024-10-19 16:14:52,f2501ce3-a3aa-4413-9ecf-0ee53d1657b1,text_simple_english
a92446e8-3093-4640-9a12-8c7a8be30705,2024-10-19 16:59:24,890be5d6-bbd6-48e1-b186-97ba2a721b10,text_technical
f57cf586-13b6-4f56-92b8-145b5504e8eb,2024-10-20 07:04:06,de37ab03-d027-4918-abd5-a60b78b4930e,text_simple_english
a92446e8-3093-4640-9a12-8c7a8be30705,2024-10-20 08:06:13,4e1d9a74-9ce9-4998-8053-7a370d2a9e94,text_technical
a92446e8-3093-4640-9a12-8c7a8be30705,2024-10-20 11:28:09,105dbabf-1fb6-4738-af05-61e6ba4c783f,text_simple_english
7ba76475-8c5f-47ad-a01e-3cff28094bd7,2024-10-20 17:24:39,a6a304e3-8300-48b9-a5a3-fee3a3d34e11,image
a92446e8-3093-4640-9a12-8c7a8be30705,2024-10-20 19:56:32,6b54a19b-ac2f-4f63-b889-67a8089755e0,text_simple_english
f57cf586-13b6-4f56-92b8-145b5504e8eb,2024-10-21 05:36:24,b65b57c3-2d26-4188-bb23-1d18be343ef0,image
7ba76475-8c5f-47ad-a01e-3cff28094bd7,2024-10-21 18:10:34,a6a304e3-8300-48b9-a5a3-fee3a3d34e11,multimedia
7ba76475-8c5f-47ad-a01e-3cff28094bd7,2024-10-22 01:40:12,20c8de6d-0075-4cdb-8632-c97fbbbfdd45,image
a92446e8-3093-4640-9a12-8c7a8be30705,2024-10-22 07:17:02,148bc0d1-d404-4bec-95dc-6249e7c74429,text_simple_english
a92446e8-3093-4640-9a12-8c7a8be30705,2024-10-22 07:47:22,313aa0cf-3d54-4dc0-83d9-045cc2729143,text_simple_english
7ba76475-8c5f-47ad-a01e-3cff28094bd7,2024-10-22 09:10:16,4e1d9a74-9ce9-4998-8053-7a370d2a9e94,text_technical
f57cf586-13b6-4f56-92b8-145b5504e8eb,2024-10-22 11:36:16,c0173762-e453-4f72-bc5a-11fdcd6742d3,image
7ba76475-8c5f-47ad-a01e-3cff28094bd7,2024-10-22 18:47:04,be91e581-379b-4c0a-84b4-7c72cf0f89eb,image
7a88835e-9cda-4177-acd1-8c532b0b1417,2024-10-22 21:30:38,0cf4dc98-1b69-4339-a978-92cd79a4b331,text_technical
a92446e8-3093-4640-9a12-8c7a8be30705,2024-10-22 23:26:55,9046d9c1-8a29-43f5-9899-e37856a156e2,text_simple_english
a92446e8-3093-4640-9a12-8c7a8be30705,2024-10-23 01:25:54,70a87b6f-b260-4624-a166-1cd71c34379f,image
f57cf586-13b6-4f56-92b8-145b5504e8eb,2024-10-23 01:41:44,d845b7cc-447f-4c6c-8470-8c04cb63216c,text_technical
a92446e8-3093-4640-9a12-8c7a8be30705,2024-10-23 17:48:43,4e1d9a74-9ce9-4998-8053-7a370d2a9e94,text_simple_english
7ba76475-8c5f-47ad-a01e-3cff28094bd7,2024-10-23 20:37:44,20c8de6d-0075-4cdb-8632-c97fbbbfdd45,text_simple_english
7a88835e-9cda-4177-acd1-8c532b0b1417,2024-10-23 23:43:50,890be5d6-bbd6-48e1-b186-97ba2a721b10,text_simple_english
a92446e8-3093-4640-9a12-8c7a8be30705,2024-10-24 03:31:18,dc7c511e-c472-44dd-902c-923998d17dc2,text_simple_english
7a88835e-9cda-4177-acd1-8c532b0b1417,2024-10-24 05:28:18,135a3bd5-0a11-4544-bad2-a1361d9910f6,text_literary
7ba76475-8c5f-47ad-a01e-3cff28094bd7,2024-10-24 18:40:56,15a89281-3765-46e0-a159-9210f2e3b311,multimedia
7a88835e-9cda-4177-acd1-8c532b0b1417,2024-10-25 05:39:48,b65b57c3-2d26-4188-bb23-1d18be343ef0,text_simple_english
a92446e8-3093-4640-9a12-8c7a8be30705,2024-10-25 11:09:28,d44fd35f-b73c-43e1-b951-1f6e006af337,image
7a88835e-9cda-4177-acd1-8c532b0b1417,2024-10-25 17:11:25,d845b7cc-447f-4c6c-8470-8c04cb63216c,multimedia
7ba76475-8c5f-47ad-a01e-3cff28094bd7,2024-10-25 17:31:44,d6c9ee24-e09d-4630-b8ab-7d7904ad8f38,image
d44ef86b-4b29-41a7-a0a1-52af726471d1,2024-10-25 19:17:56,7279337e-d37f-4fa3-8a49-998969552403,text_simple_english
d44ef86b-4b29-41a7-a0a1-52af726471d1,2024-10-25 21:53:37,484fe420-fb64-47f2-ba12-0ee190241c92,text_simple_english
d44ef86b-4b29-41a7-a0a1-52af726471d1,2024-10-25 22:54:32,a171712a-60e8-48cb-b50b-45997f0d6344,text_technical
f57cf586-13b6-4f56-92b8-145b5504e8eb,2024-10-26 01:28:43,1e0df149-8ed9-44e4-b882-c3f15689d99f,text_technical
a92446e8-3093-4640-9a12-8c7a8be30705,2024-10-26 05:27:37,a003f6c2-8ef5-471b-9807-3e60bd4e6453,multimedia
f57cf586-13b6-4f56-92b8-145b5504e8eb,2024-10-26 06:10:19,148bc0d1-d404-4bec-95dc-6249e7c74429,text_simple_english
f57cf586-13b6-4f56-92b8-145b5504e8eb,2024-10-26 06:16:24,bf8d30d3-5735-4499-b6ce-078543280ebb,multimedia
7ba76475-8c5f-47ad-a01e-3cff28094bd7,2024-10-26 12:02:55,93414baf-5e2c-49cd-a227-9c1e44086d74,image
7ba76475-8c5f-47ad-a01e-3cff28094bd7,2024-10-26 17:31:25,4bb2a826-6a4e-49da-a984-899037c49cb4,multimedia
7ba76475-8c5f-47ad-a01e-3cff28094bd7,2024-10-26 23:49:06,5a099806-40de-46d1-aea4-8bea0cd250eb,image
d44ef86b-4b29-41a7-a0a1-52af726471d1,2024-10-26 23:57:32,d44fd35f-b73c-43e1-b951-1f6e006af337,image
d44ef86b-4b29-41a7-a0a1-52af726471d1,2024-10-27 11:13:30,20c8de6d-0075-4cdb-8632-c97fbbbfdd45,text_simple_english
a92446e8-3093-4640-9a12-8c7a8be30705,2024-10-27 11:44:38,ac0ee7c5-fb97-4c40-9d04-1374fdd8de83,text_simple_english
a92446e8-3093-4640-9a12-8c7a8be30705,2024-10-27 12:29:50,de207243-de21-4054-9ee8-043e0268c180,text_technical
7a88835e-9cda-4177-acd1-8c532b0b1417,2024-10-27 21:12:08,7279337e-d37f-4fa3-8a49-998969552403,text_technical
7ba76475-8c5f-47ad-a01e-3cff28094bd7,2024-10-28 05:08:12,7b63fcfc-b69d-4113-8eda-3f4f2592e26d,image
7a88835e-9cda-4177-acd1-8c532b0b1417,2024-10-28 15:17:19,be91e581-379b-4c0a-84b4-7c72cf0f89eb,multimedia
a92446e8-3093-4640-9a12-8c7a8be30705,2024-10-28 16:04:36,daf5740c-7477-49b6-8f29-b01f391c39d1,image
7a88835e-9cda-4177-acd1-8c532b0b1417,2024-10-28 17:42:07,d10e7ea1-a139-486f-baa3-791b78785780,text_simple_english
7ba76475-8c5f-47ad-a01e-3cff28094bd7,2024-10-28 18:28:35,366c5cd1-0864-4dda-ace9-bbcd04e6ef82,image
d44ef86b-4b29-41a7-a0a1-52af726471d1,2024-10-28 21:46:10,1881bdfe-b9a9-47e5-8a4b-d5e7f4c66807,image
d44ef86b-4b29-41a7-a0a1-52af726471d1,2024-10-28 22:09:11,c079aaa3-ee94-4ef0-bdfd-998f2a1fe30b,multimedia
d44ef86b-4b29-41a7-a0a1-52af726471d1,2024-10-29 00:48:16,94b7cb8e-538d-422d-b3b3-061047694dec,text_simple_english
d44ef86b-4b29-41a7-a0a1-52af726471d1,2024-10-29 05:37:02,c06c3b3e-8488-498c-a991-57223b1ce6a3,text_simple_english
f57cf586-13b6-4f56-92b8-145b5504e8eb,2024-10-29 05:49:17,366c5cd1-0864-4dda-ace9-bbcd04e6ef82,image
7a88835e-9cda-4177-acd1-8c532b0b1417,2024-10-29 06:08:19,0d16c65d-8414-427e-9317-7b5a78537c64,text_technical
f57cf586-13b6-4f56-92b8-145b5504e8eb,2024-10-29 09:15:16,5785202d-e5f8-4634-9113-276b0a12653f,text_simple_english
d44ef86b-4b29-41a7-a0a1-52af726471d1,2024-10-29 10:08:58,daf5740c-7477-49b6-8f29-b01f391c39d1,text_simple_english
d44ef86b-4b29-41a7-a0a1-52af726471d1,2024-10-29 11:02:08,feadf47d-694c-416b-ba59-4a3e79c0b028,image
7ba76475-8c5f-47ad-a01e-3cff28094bd7,2024-10-29 15:33:40,a003f6c2-8ef5-471b-9807-3e60bd4e6453,multimedia
f57cf586-13b6-4f56-92b8-145b5504e8eb,2024-10-29 16:45:40,86507205-cf8b-4ad1-9140-c688a10fc513,text_simple_english
7ba76475-8c5f-47ad-a01e-3cff28094bd7,2024-10-29 19:29:11,6a3bc24f-8123-4291-af76-407a3735415e,text_technical
a92446e8-3093-4640-9a12-8c7a8be30705,2024-10-29 21:41:36,d6c9ee24-e09d-4630-b8ab-7d7904ad8f38,text_simple_english
7ba76475-8c5f-47ad-a01e-3cff28094bd7,2024-10-29 21:54:24,df5ec830-9f55-4330-a61e-fe5851534ad0,image
d44ef86b-4b29-41a7-a0a1-52af726471d1,2024-10-29 22:35:25,d845b7cc-447f-4c6c-8470-8c04cb63216c,image
d44ef86b-4b29-41a7-a0a1-52af726471d1,2024-10-30 02:07:15,ba4d4784-de15-46ff-8af1-3d01430b7d27,text_simple_english
a92446e8-3093-4640-9a12-8c7a8be30705,2024-10-30 04:32:52,1e0df149-8ed9-44e4-b882-c3f15689d99f,image
7a88835e-9cda-4177-acd1-8c532b0b1417,2024-10-30 06:43:57,9f60136c-1492-4253-822a-90bc3f7f34f3,image
a92446e8-3093-4640-9a12-8c7a8be30705,2024-10-30 06:55:32,49c2676f-5589-486f-aaf7-25bf17c25ab4,multimedia
a92446e8-3093-4640-9a12-8c7a8be30705,2024-10-30 07:12:31,9046d9c1-8a29-43f5-9899-e37856a156e2,text_simple_english
f57cf586-13b6-4f56-92b8-145b5504e8eb,2024-10-30 14:50:06,d10e7ea1-a139-486f-baa3-791b78785780,text_simple_english
f57cf586-13b6-4f56-92b8-145b5504e8eb,2024-10-30 22:50:19,819807c7-6903-436f-ab3d-9571c8bd08fb,image
7ba76475-8c5f-47ad-a01e-3cff28094bd7,2024-10-31 01:47:29,41a78e61-e8be-464b-8c15-81abf8a704b9,multimedia
d44ef86b-4b29-41a7-a0a1-52af726471d1,2024-10-31 04:46:58,0c414102-78fe-4c84-8de7-6c8ae6e7f5bf,text_simple_english
7ba76475-8c5f-47ad-a01e-3cff28094bd7,2024-10-31 07:26:19,aaeccc82-3a7e-415f-a6b7-eca41b119094,multimedia
d44ef86b-4b29-41a7-a0a1-52af726471d1,2024-10-31 08:29:56,be91e581-379b-4c0a-84b4-7c72cf0f89eb,image
7ba76475-8c5f-47ad-a01e-3cff28094bd7,2024-10-31 09:58:28,23004745-eea8-496a-93e1-5ca6a88e3552,audio
a92446e8-3093-4640-9a12-8c7a8be30705,2024-10-31 16:37:15,9bbca0f0-d601-464b-9802-be0aa10d284d,multimedia
7a88835e-9cda-4177-acd1-8c532b0b1417,2024-10-31 22:52:40,b8524c33-dc33-4191-9c1a-a5c1cadf0d8a,text_technical
a92446e8-3093-4640-9a12-8c7a8be30705,2024-11-01 10:38:59,4bb2a826-6a4e-49da-a984-899037c49cb4,text_technical
f57cf586-13b6-4f56-92b8-145b5504e8eb,2024-11-01 22:12:30,89be5c3b-1e95-4b94-8590-016aeb186ea7,image
7ba76475-8c5f-47ad-a01e-3cff28094bd7,2024-11-01 22:59:04,62aa60b8-ad2f-45d3-902f-96609dfe401e,image
a92446e8-3093-4640-9a12-8c7a8be30705,2024-11-02 01:07:05,a6a304e3-8300-48b9-a5a3-fee3a3d34e11,text_simple_english
7ba76475-8c5f-47ad-a01e-3cff28094bd7,2024-11-02 02:48:43,711c7bf5-3b8e-4463-88b4-f873149c4438,image
d44ef86b-4b29-41a7-a0a1-52af726471d1,2024-11-02 04:47:50,105dbabf-1fb6-4738-af05-61e6ba4c783f,image
7a88835e-9cda-4177-acd1-8c532b0b1417,2024-11-02 12:33:09,15a89281-3765-46e0-a159-9210f2e3b311,text_simple_english
d44ef86b-4b29-41a7-a0a1-52af726471d1,2024-11-02 18:45:13,ac0ee7c5-fb97-4c40-9d04-1374fdd8de83,image
f57cf586-13b6-4f56-92b8-145b5504e8eb,2024-11-02 21:55:56,54d039fe-63a7-47b4-946c-3e96afe7d3a5,image
7a88835e-9cda-4177-acd1-8c532b0b1417,2024-11-03 04:01:08,7279337e-d37f-4fa3-8a49-998969552403,multimedia
7a88835e-9cda-4177-acd1-8c532b0b1417,2024-11-03 05:40:23,c0173762-e453-4f72-bc5a-11fdcd6742d3,text_simple_english
f57cf586-13b6-4f56-92b8-145b5504e8eb,2024-11-03 09:07:42,d9e7b1b0-7018-4a63-b403-b107749cc2d1,multimedia
d44ef86b-4b29-41a7-a0a1-52af726471d1,2024-11-03 16:52:06,253ae91a-bf49-47f1-8fda-9dcc3e6ac09c,video
d44ef86b-4b29-41a7-a0a1-52af726471d1,2024-11-04 03:14:14,1e0df149-8ed9-44e4-b882-c3f15689d99f,image
a92446e8-3093-4640-9a12-8c7a8be30705,2024-11-04 13:47:46,98f45251-5e38-44b3-a03b-43b220f00ec9,image
a92446e8-3093-4640-9a12-8c7a8be30705,2024-11-04 16:32:12,75697f59-189e-4d03-8a5f-ab6d486c4a55,text_simple_english
7a88835e-9cda-4177-acd1-8c532b0b1417,2024-11-04 17:31:35,9c25f076-e557-4f70-a8bb-7fdbf769d3f6,image
7ba76475-8c5f-47ad-a01e-3cff28094bd7,2024-11-05 03:22:26,98866c52-7be4-4903-b757-0c5c021935de,video
f57cf586-13b6-4f56-92b8-145b5504e8eb,2024-11-05 11:35:25,d845b7cc-447f-4c6c-8470-8c04cb63216c,text_technical
f57cf586-13b6-4f56-92b8-145b5504e8eb,2024-11-05 12:38:30,bf8d30d3-5735-4499-b6ce-078543280ebb,image
d44ef86b-4b29-41a7-a0a1-52af726471d1,2024-11-05 19:26:48,1e0df149-8ed9-44e4-b882-c3f15689d99f,image
f57cf586-13b6-4f56-92b8-145b5504e8eb,2024-11-05 20:43:18,c079aaa3-ee94-4ef0-bdfd-998f2a1fe30b,image
7ba76475-8c5f-47ad-a01e-3cff28094bd7,2024-11-05 22:32:19,df5ec830-9f55-4330-a61e-fe5851534ad0,image
f57cf586-13b6-4f56-92b8-145b5504e8eb,2024-11-06 00:02:23,75697f59-189e-4d03-8a5f-ab6d486c4a55,image
7a88835e-9cda-4177-acd1-8c532b0b1417,2024-11-06 00:42:45,4bb2a826-6a4e-49da-a984-899037c49cb4,image
a92446e8-3093-4640-9a12-8c7a8be30705,2024-11-06 01:13:06,1881bdfe-b9a9-47e5-8a4b-d5e7f4c66807,text_simple_english
7ba76475-8c5f-47ad-a01e-3cff28094bd7,2024-11-06 02:53:13,dc7c511e-c472-44dd-902c-923998d17dc2,text_simple_english
a92446e8-3093-4640-9a12-8c7a8be30705,2024-11-06 10:58:29,86507205-cf8b-4ad1-9140-c688a10fc513,text_technical
a92446e8-3093-4640-9a12-8c7a8be30705,2024-11-06 20:22:10,49c2676f-5589-486f-aaf7-25bf17c25ab4,multimedia
f57cf586-13b6-4f56-92b8-145b5504e8eb,2024-11-07 02:10:55,feadf47d-694c-416b-ba59-4a3e79c0b028,image
7ba76475-8c5f-47ad-a01e-3cff28094bd7,2024-11-07 05:31:50,62aa60b8-ad2f-45d3-902f-96609dfe401e,text_simple_english
f57cf586-13b6-4f56-92b8-145b5504e8eb,2024-11-07 09:33:44,bf8d30d3-5735-4499-b6ce-078543280ebb,image
d44ef86b-4b29-41a7-a0a1-52af726471d1,2024-11-07 10:25:07,a003f6c2-8ef5-471b-9807-3e60bd4e6453,image
a92446e8-3093-4640-9a12-8c7a8be30705,2024-11-07 10:29:22,feadf47d-694c-416b-ba59-4a3e79c0b028,image
a92446e8-3093-4640-9a12-8c7a8be30705,2024-11-07 13:32:55,49c2676f-5589-486f-aaf7-25bf17c25ab4,multimedia
